0.728003 -0.0129471
0.736305 -0.00514501
0.745626 0.0044451
0.75641 0.0174719
0.765652 0.0251639
0.770259 0.0282348
0.777378 0.0307877
0.784207 0.0388844
0.79353 0.0462838
0.793223 0.0556766
0.800453 0.0545364
0.813203 0.0480376
0.828588 0.060057
0.828081 0.054139
0.831934 0.0553533
0.833088 0.0600477
0.845378 0.0516985
0.841339 0.0574032
0.836046 0.0672147
0.844968 0.0712236
0.846289 0.0690198
0.845728 0.0754424
0.84594 0.0780623
0.843011 0.079253
0.836716 0.0830127
0.836456 0.0831253
0.833174 0.0859864
0.817689 0.0925502
0.816091 0.0921507
0.825617 0.0987583
0.811106 0.0963487
0.811087 0.0952897
0.803134 0.10902
0.803152 0.112581
0.798705 0.119023
0.798965 0.120552
0.795871 0.129135
0.784683 0.12992
0.786768 0.137437
0.764418 0.155778
0.764594 0.160799
0.75966 0.166588
0.753341 0.168862
0.74735 0.178152
0.737057 0.178826
0.726027 0.182866
0.722943 0.191735
0.708817 0.202011
0.7003 0.202477
0.684711 0.20376
0.673651 0.204087
0.661558 0.205555
0.662739 0.206045
0.661864 0.206997
0.655334 0.207793
0.644455 0.21122
0.635027 0.216798
0.633697 0.215324
0.623394 0.213328
0.619331 0.213195
0.614408 0.213194
0.608088 0.216816
0.602423 0.220584
0.596773 0.223768
0.59705 0.21922
0.591217 0.225237
0.589048 0.225053
0.585149 0.221252
0.574396 0.227381
0.5768 0.2292
0.572685 0.227124
0.568715 0.223875
0.570379 0.223084
0.560037 0.225912
0.559112 0.230945
0.560431 0.233439
0.561987 0.230838
0.5627 0.228638
0.552873 0.23413
0.553473 0.235914
0.541746 0.234156
0.540803 0.240865
0.540869 0.241473
0.547018 0.244454
0.549957 0.237889
0.552713 0.244428
0.553076 0.247556
0.55218 0.248424
0.551783 0.252177
0.551901 0.250579
0.551835 0.251999
0.550975 0.253154
0.551701 0.258243
0.554149 0.257948
0.555618 0.259615
0.55831 0.26011
0.553925 0.255502
0.555938 0.254406
0.558099 0.24951
0.558553 0.25064
0.557871 0.251008
0.558791 0.252059
0.558676 0.253866
0.562007 0.259772
0.555301 0.26746
0.552909 0.264991
0.557864 0.266521
0.555944 0.272567
0.552289 0.266918
0.557298 0.275884
0.552849 0.278246
0.555614 0.277554
0.549282 0.28934
0.552421 0.298285
0.544913 0.296296
0.550489 0.294369
0.544869 0.294935
0.542697 0.290221
0.533853 0.296894
0.533839 0.299114
0.530246 0.297287
0.530198 0.298176
0.527354 0.30841
0.52445 0.305165
0.524393 0.312409
0.524947 0.314168
0.519069 0.324787
0.521638 0.322625
0.517121 0.318457
0.518572 0.318283
0.516601 0.321974
0.515247 0.325465
0.515725 0.327252
0.50815 0.338934
0.504779 0.348899
0.508438 0.357438
0.509771 0.360088
0.507914 0.358967
0.506725 0.359338
0.508907 0.361746
0.500391 0.363367
0.49884 0.367216
0.493454 0.378218
0.486525 0.380947
0.491046 0.381674
0.483934 0.385174
0.482275 0.398692
0.476738 0.411209
0.474454 0.411095
0.4666 0.420637
0.465166 0.415011
0.45966 0.423215
0.457345 0.425254
0.439641 0.434098
0.436216 0.448974
0.434103 0.451582
0.434211 0.450045
0.429459 0.449674
0.429186 0.450101
0.42505 0.449311
0.420715 0.453953
0.410389 0.46782
0.399498 0.477211
0.400141 0.485086
0.399664 0.490304
0.395377 0.499939
0.387345 0.503337
0.38551 0.503577
0.381345 0.51732
0.377771 0.528055
0.382243 0.541713
0.373692 0.550556
0.366456 0.556322
0.361703 0.566001
0.356832 0.57553
0.354785 0.580276
0.350436 0.588367
0.351077 0.590985
0.347169 0.594845
0.339887 0.606039
0.337783 0.611778
0.331999 0.614451
0.325945 0.629217
0.315758 0.641061
0.308454 0.652207
0.304272 0.661633
0.296023 0.665669
0.290232 0.667475
0.288204 0.677362
0.280981 0.686229
0.266956 0.696289
0.259457 0.720373
0.25116 0.728835
0.246919 0.737848
0.241509 0.752208
0.239835 0.767135
0.232101 0.774976
0.221592 0.787334
0.211765 0.797702
0.197952 0.804978
0.18948 0.825819
0.178125 0.837727
0.160521 0.84745
0.149992 0.868945
0.13607 0.880949
0.123705 0.892227
0.11387 0.897394
0.096112 0.919666
0.0767287 0.94208
0.0635715 0.955312
0.0510687 0.960694
0.0235391 0.966025
0.00130978 0.968786
-0.00434361 0.972971
-0.0194256 0.983298
-0.0324504 0.985611
-0.0931408 0.990166
-0.108468 0.998978
-0.110449 1.06608
-0.11526 1.07866
-0.13951 1.07981
-0.149225 1.09773
-0.162882 1.0966
-0.182206 1.11566
-0.188495 1.12186
-0.197759 1.13361
-0.21327 1.14846
-0.23336 1.14777
-0.255208 1.15492
-0.278367 1.15882
-0.294723 1.16959
-0.312339 1.17655
-0.328683 1.19266
-0.34453 1.20405
-0.356801 1.20789
-0.37488 1.21354
-0.38745 1.22522
-0.414651 1.23433
-0.428943 1.2499
-0.454484 1.26173
-0.473327 1.27153
-0.489266 1.28499
-0.513261 1.29381
-0.525137 1.30227
-0.534443 1.30593
-0.57101 1.30164
-0.586212 1.30875
-0.595661 1.32631
-0.6127 1.33314
-0.628587 1.33927
-0.64138 1.34679
-0.666818 1.35289
-0.676285 1.35863
-0.682769 1.36751
-0.700197 1.36945
-0.716861 1.38051
-0.734592 1.38723
-0.747609 1.39538
-0.764731 1.41347
-0.775391 1.41714
-0.791437 1.4216
-0.805063 1.42346
-0.819809 1.43256
-0.85475 1.4284
-0.860481 1.43469
-0.881883 1.43672
-0.891827 1.44899
-0.90909 1.45092
-0.928928 1.4681
-0.946126 1.46695
-0.962753 1.46163
-0.977126 1.47247
-0.987017 1.47673
-1.00266 1.47665
-1.01335 1.47272
-1.02817 1.48414
-1.05611 1.49115
-1.08842 1.53121
-1.10008 1.5376
-1.11682 1.49438
-1.12974 1.49298
-1.13991 1.5345
-1.15505 1.53588
-1.16511 1.53543
-1.18348 1.53542
-1.1913 1.53506
-1.20986 1.54587
-1.22193 1.53846
-1.23151 1.53312
-1.25731 1.49735
-1.27433 1.50643
-1.28445 1.50396
-1.299 1.50267
-1.31854 1.53308
-1.34177 1.50019
-1.35278 1.4926
-1.36974 1.48717
-1.38056 1.47913
-1.38972 1.48359
-1.40329 1.5325
-1.41842 1.52599
-1.43704 1.49429
-1.44866 1.49442
-1.47653 1.48849
-1.50483 1.49013
-1.56348 1.49833
-1.57128 1.52583
-1.58926 1.50079
-1.59089 1.49446
-1.60617 1.49659
-1.62718 1.51803
-1.6409 1.50221
-1.65973 1.49952
-1.67745 1.49417
-1.68953 1.48881
-1.7005 1.4862
-1.71319 1.4775
-1.74962 1.47528
-1.76536 1.46618
-1.78053 1.46047
-1.79942 1.45177
-1.81272 1.44751
-1.83137 1.44081
-1.84336 1.43666
-1.8636 1.43332
-1.87693 1.42655
-1.8901 1.41915
-1.90157 1.41185
-1.91362 1.41001
-1.92665 1.41117
-1.9377 1.4021
-1.95213 1.40048
-1.96355 1.3957
-1.97415 1.3887
-1.99081 1.38277
-1.99661 1.37754
-2.01139 1.36953
-2.02553 1.36173
-2.03215 1.35762
-2.03978 1.35532
-2.05253 1.35315
-2.06899 1.34471
-2.08703 1.34124
-2.10568 1.33413
-2.12265 1.32709
-2.1352 1.32348
-2.14935 1.31254
-2.1647 1.31225
-2.17065 1.30463
-2.18414 1.30189
-2.19096 1.29749
-2.20071 1.28797
-2.21082 1.281
-2.22003 1.27228
-2.22966 1.26402
-2.23615 1.25669
-2.25453 1.24537
-2.26148 1.23497
-2.27771 1.22646
-2.29337 1.21511
-2.30115 1.20222
-2.31037 1.19165
-2.32132 1.18453
-2.33814 1.16601
-2.34906 1.15219
-2.36205 1.1456
-2.37131 1.1349
-2.38732 1.12583
-2.40159 1.11923
-2.4221 1.11225
-2.43736 1.09755
-2.4446 1.09722
-2.4526 1.08635
-2.46778 1.08011
-2.47752 1.06935
-2.48709 1.0564
-2.4971 1.04666
-2.50743 0.996547
-2.52578 0.98518
-2.54068 0.97436
-2.57101 0.959725
-2.58298 0.950327
-2.59424 0.941751
-2.60825 0.937578
-2.61925 0.934312
-2.62552 0.920039
-2.64309 0.911929
-2.65355 0.900572
-2.66194 0.889148
-2.67507 0.881775
-2.68564 0.864786
-2.6958 0.848477
-2.70537 0.836899
-2.7142 0.831115
-2.72917 0.817738
-2.74338 0.806984
-2.75727 0.802113
-2.76449 0.789748
-2.77652 0.781135
-2.78815 0.771707
-2.79756 0.7593
-2.8082 0.747294
-2.81555 0.734204
-2.83321 0.720449
-2.84763 0.719101
-2.85555 0.716856
-2.86387 0.701947
-2.87612 0.691126
-2.88459 0.682586
-2.88987 0.675126
-2.89151 0.664167
-2.89689 0.653075
-2.91073 0.647985
-2.91641 0.637851
-2.92569 0.62593
-2.9356 0.614736
-2.93921 0.603973
-2.95115 0.594492
-2.96432 0.583117
-2.96782 0.571245
-2.98286 0.561644
-2.98708 0.50831
-2.99128 0.494843
-2.99746 0.480084
-2.99618 0.468458
-3.00391 0.457014
-3.00315 0.439178
-3.00784 0.425537
-3.01331 0.415296
-3.0189 0.404249
-3.02922 0.393134
-3.03583 0.381844
-3.03933 0.367971
-3.03967 0.358645
-3.04269 0.345883
-3.04003 0.337703
-3.04357 0.324935
-3.07479 0.328306
-3.07445 0.311478
-3.07797 0.305536
-3.0787 0.28533
-3.07686 0.269082
-3.0792 0.252283
-3.08033 0.245828
-3.08485 0.246726
-3.07415 0.219054
-3.08437 0.206075
-3.0879 0.201581
-3.09633 0.189574
-3.09674 0.184067
-3.09874 0.175635
-3.10421 0.160679
-3.10197 0.152331
-3.10051 0.129352
-3.09617 0.120044
-3.09766 0.106704
-3.10514 0.0906343
-3.09967 0.0869696
-3.10352 0.0690107
-3.09504 0.0524932
-3.09422 0.048305
-3.10799 -0.0111253
-3.11145 -0.0157053
-3.10805 -0.0319644
-3.11589 -0.040182
-3.12541 -0.0529158
-3.13465 -0.0618707
-3.13776 -0.0777982
-3.13564 -0.0860297
-3.13827 -0.105365
-3.13685 -0.116648
-3.14027 -0.12728
-3.13693 -0.14161
-3.13067 -0.149931
-3.12494 -0.156513
-3.12299 -0.178178
-3.121 -0.188834
-3.11398 -0.20512
-3.10992 -0.224611
-3.11516 -0.234898
-3.10437 -0.271482
-3.10523 -0.272252
-3.10492 -0.283388
-3.10019 -0.291406
-3.10067 -0.301388
-3.08889 -0.321228
-3.08848 -0.335155
-3.08734 -0.341415
-3.04445 -0.35548
-3.07716 -0.395343
-3.07345 -0.412177
-3.03664 -0.425435
-3.07608 -0.431205
-3.07074 -0.448344
-3.06433 -0.459008
-3.03271 -0.472605
-3.02914 -0.504168
-3.02562 -0.520744
-3.0253 -0.531035
-3.01605 -0.545575
-3.0087 -0.55554
-3.00717 -0.568041
-3.00531 -0.588639
-3.00414 -0.603136
-2.99759 -0.613702
-2.98825 -0.630281
-2.98208 -0.645886
-2.96932 -0.653975
-2.96944 -0.666487
-2.9624 -0.67793
-2.96577 -0.695894
-2.96697 -0.712018
-2.95855 -0.725811
-2.94801 -0.743834
-2.95345 -0.756165
-2.94881 -0.761295
-2.94913 -0.776745
-2.93677 -0.791037
-2.9265 -0.810226
-2.91413 -0.81778
-2.90703 -0.828979
-2.89829 -0.835232
-2.88833 -0.848205
-2.88491 -0.855903
-2.88087 -0.863489
-2.88172 -0.870551
-2.87601 -0.881264
-2.87541 -0.88416
-2.86994 -0.899155
-2.86989 -0.920036
-2.86816 -0.926882
-2.8688 -0.928732
-2.86173 -0.938122
-2.84388 -0.993616
-2.82942 -0.997962
-2.828 -1.0002
-2.82606 -0.999465
-2.81599 -1.01139
-2.80871 -1.01849
-2.79399 -1.02541
-2.79151 -1.04486
-2.78046 -1.05128
-2.77577 -1.06084
-2.79252 -1.05796
-2.78374 -1.06931
-2.78178 -1.07959
-2.77069 -1.09531
-2.76303 -1.10363
-2.75893 -1.11108
-2.75431 -1.121
-2.74564 -1.13164
-2.74614 -1.14209
-2.73275 -1.14711
-2.7262 -1.15283
-2.71855 -1.16277
-2.71028 -1.16981
-2.70314 -1.17702
-2.7107 -1.18265
-2.70042 -1.18779
-2.69021 -1.19719
-2.68077 -1.2057
-2.66878 -1.20541
-2.66942 -1.21726
-2.6621 -1.22121
-2.6561 -1.23636
-2.65768 -1.2357
-2.64677 -1.24
-2.64215 -1.24472
-2.62456 -1.25701
-2.61579 -1.26434
-2.60474 -1.27032
-2.58589 -1.29057
-2.57047 -1.29798
-2.48271 -1.31699
-2.45364 -1.32841
-2.4394 -1.33529
-2.42828 -1.33282
-2.41361 -1.3433
-2.39271 -1.3477
-2.37024 -1.35439
-2.35163 -1.36224
-2.34557 -1.37254
-2.33659 -1.38105
-2.32842 -1.38508
-2.32193 -1.3927
-2.30351 -1.39976
-2.2945 -1.40334
-2.26837 -1.47952
-2.25436 -1.48835
-2.24091 -1.49381
-2.23323 -1.43027
-2.21422 -1.49938
-2.20421 -1.50679
-2.17697 -1.50835
-2.16261 -1.5074
-2.15139 -1.51358
-2.1329 -1.52386
-2.11838 -1.5147
-2.10338 -1.51569
-2.08894 -1.52813
-2.07855 -1.52968
-2.06457 -1.53811
-2.01541 -1.53678
-2.00672 -1.53315
-1.99191 -1.54087
-1.9757 -1.53989
-1.95663 -1.53875
-1.94684 -1.54052
-1.93208 -1.54323
-1.92032 -1.54739
-1.9028 -1.55388
-1.88635 -1.5608
-1.87314 -1.56102
-1.85528 -1.56631
-1.83396 -1.57358
-1.81855 -1.57565
-1.79646 -1.56949
-1.78051 -1.56812
-1.7629 -1.5776
-1.75347 -1.57737
-1.73376 -1.57976
-1.71214 -1.57811
-1.67793 -1.58245
-1.66657 -1.58659
-1.64465 -1.5836
-1.63211 -1.58089
-1.60646 -1.57847
-1.58982 -1.578
-1.58037 -1.57524
-1.56878 -1.56858
-1.53584 -1.57122
-1.52575 -1.57114
-1.51468 -1.56731
-1.50482 -1.57146
-1.49041 -1.56848
-1.47768 -1.56659
-1.45867 -1.5661
-1.44295 -1.56529
-1.42962 -1.56889
-1.41655 -1.56891
-1.40262 -1.56959
-1.38579 -1.57323
-1.36855 -1.56876
-1.35461 -1.56258
-1.33143 -1.56091
-1.31895 -1.55674
-1.30309 -1.55714
-1.29 -1.55112
-1.27438 -1.54917
-1.25462 -1.55007
-1.23659 -1.55007
-1.22229 -1.54878
-1.20595 -1.54742
-1.19897 -1.54717
-1.18018 -1.54223
-1.16053 -1.54052
-1.14427 -1.53098
-1.13442 -1.52444
-1.12536 -1.52575
-1.11123 -1.52646
-1.10031 -1.52939
-1.07886 -1.51823
-1.06838 -1.51415
-1.01829 -1.51922
-1.00748 -1.51351
-0.988632 -1.50711
-0.967551 -1.47479
-0.946949 -1.4606
-0.934401 -1.45507
-0.924148 -1.45014
-0.904648 -1.44793
-0.888378 -1.44538
-0.874957 -1.43703
-0.854659 -1.42722
-0.834675 -1.41808
-0.822593 -1.40912
-0.810359 -1.40822
-0.797841 -1.40256
-0.790278 -1.39538
-0.760888 -1.3867
-0.751129 -1.37639
-0.743228 -1.36925
-0.725265 -1.36106
-0.715703 -1.3537
-0.6865 -1.33916
-0.674146 -1.3328
-0.662397 -1.32442
-0.650059 -1.31034
-0.631536 -1.28398
-0.620739 -1.27405
-0.611159 -1.26329
-0.592088 -1.25576
-0.578739 -1.23813
-0.53722 -1.21586
-0.522158 -1.20567
-0.508498 -1.19761
-0.500155 -1.18538
-0.494702 -1.17977
-0.478562 -1.1662
-0.464206 -1.15814
-0.458709 -1.15577
-0.4372 -1.14854
-0.424811 -1.12879
-0.420083 -1.12324
-0.402535 -1.10786
-0.390364 -1.09815
-0.375158 -1.08746
-0.351487 -1.06674
-0.342529 -1.06183
-0.335063 -1.05133
-0.327756 -1.04696
-0.319888 -1.04089
-0.310712 -1.03377
-0.298482 -1.0194
-0.2864 -1.01218
-0.278208 -1.01362
-0.264183 -0.933388
-0.241674 -0.931829
-0.225585 -0.913534
-0.218097 -0.904949
-0.20732 -0.899151
-0.199677 -0.882473
-0.188977 -0.872249
-0.177112 -0.856556
-0.163666 -0.841609
-0.15936 -0.831002
-0.154794 -0.818052
-0.144143 -0.803024
-0.139553 -0.796372
-0.132601 -0.783087
-0.119475 -0.760572
-0.104765 -0.756
-0.0751086 -0.748302
-0.0555562 -0.729429
-0.0641636 -0.707143
-0.0535908 -0.692694
-0.0282729 -0.68387
-0.0190015 -0.677696
-0.0049291 -0.670193
-0.000872377 -0.641442
0.00942924 -0.630899
0.0242361 -0.621761
0.0366985 -0.589958
0.046254 -0.577061
0.0583911 -0.564421
0.0650314 -0.553285
0.0677058 -0.534596
0.0785097 -0.522211
0.0777304 -0.517232
0.0785973 -0.463365
0.0873781 -0.446148
0.100106 -0.436045
0.119288 -0.416257
0.136397 -0.412305
0.152042 -0.392585
0.159651 -0.38038
0.159018 -0.352715
0.171236 -0.341192
0.178787 -0.332071
0.179319 -0.325762
0.188028 -0.304165
0.190013 -0.287201
0.196218 -0.270178
0.203279 -0.257312
0.205569 -0.243296
0.208589 -0.22186
0.210323 -0.210103
0.225571 -0.188257
0.229723 -0.1742
0.231819 -0.16126
0.233762 -0.152606
0.232817 -0.140784
0.235174 -0.124747
0.236545 -0.11607
0.239523 -0.10446
0.251068 -0.0760901
0.254765 -0.0628724
0.252092 -0.0404814
0.250599 -0.018075
0.253554 -0.0171384
0.254087 -0.00989653
0.250901 0.00302914
0.258653 0.077449
0.26359 0.0864983
0.261397 0.102605
0.260597 0.110226
0.26543 0.124173
0.253864 0.134046
0.253496 0.151963
0.257996 0.158606
0.261095 0.174839
0.252087 0.186211
0.250772 0.210661
0.257654 0.232369
0.252797 0.252936
0.250885 0.277892
0.26129 0.300595
0.265033 0.324946
0.265486 0.340425
0.261377 0.35516
0.262382 0.374752
0.261222 0.391648
0.271063 0.512887
0.265531 0.524027
0.26923 0.529421
0.269442 0.536838
0.265773 0.5548
0.25739 0.5624
0.258275 0.566326
0.248609 0.590089
0.253763 0.594594
0.249412 0.604936
0.251473 0.628855
0.234692 0.642546
0.228182 0.654888
0.223386 0.675974
0.21718 0.685115
0.212469 0.696313
0.199029 0.708722
0.195612 0.724567
0.181157 0.740873
0.178299 0.759257
0.171314 0.770667
0.165818 0.783354
0.160095 0.808886
0.157658 0.819016
0.150839 0.844424
0.145738 0.854456
0.135195 0.865745
0.129694 0.871768
0.125023 0.883713
0.119343 0.890547
0.104362 0.913008
0.0995317 0.929395
0.0833378 0.944233
0.071609 0.959195
0.0686856 0.965223
0.0585875 0.973729
0.0420829 1.01584
0.0338014 1.02285
0.0253042 1.03218
0.0187259 1.0421
0.00734001 1.04873
0.00940789 1.05363
0.00126841 1.06304
-0.00323167 1.07823
-0.00807631 1.09774
-0.0164489 1.1035
-0.0321921 1.12162
-0.0390052 1.12901
-0.0742521 1.14738
-0.0828217 1.1506
-0.0902656 1.16128
-0.101387 1.16613
-0.102934 1.17781
-0.109727 1.18824
-0.118883 1.18724
-0.116128 1.19907
-0.138381 1.21763
-0.150903 1.22365
-0.162231 1.23265
-0.172809 1.24085
-0.191139 1.2539
-0.193993 1.27227
-0.203817 1.27953
-0.21383 1.28648
-0.223215 1.29353
-0.233553 1.29796
-0.243867 1.2978
-0.247597 1.30588
-0.256476 1.31727
-0.265001 1.31754
-0.27705 1.32418
-0.274688 1.32715
-0.295676 1.34323
-0.305789 1.34965
-0.31767 1.35585
-0.323917 1.36295
-0.333652 1.36889
-0.344342 1.37451
-0.351169 1.38393
-0.357515 1.38853
-0.378308 1.39818
-0.386068 1.40445
-0.398387 1.41215
-0.408949 1.41507
-0.41989 1.4221
-0.429919 1.45148
-0.435998 1.45801
-0.443312 1.46434
-0.454202 1.47517
-0.464951 1.48204
-0.468979 1.49429
-0.470346 1.48983
-0.482818 1.48995
-0.488105 1.53668
-0.497474 1.54659
-0.507877 1.54884
-0.51209 1.55986
-0.525073 1.56336
-0.534659 1.57028
-0.538699 1.57896
-0.542199 1.58184
-0.540788 1.58233
-0.53597 1.58673
-0.575464 1.59333
-0.546593 1.59265
-0.578582 1.59249
-0.586365 1.5973
-0.586178 1.60321
-0.594346 1.61026
-0.603854 1.61746
-0.614207 1.62378
-0.613859 1.62888
-0.617082 1.62058
-0.618772 1.62197
-0.62405 1.63065
-0.63709 1.63656
-0.647116 1.6386
-0.648847 1.6446
-0.662171 1.64972
-0.665145 1.64985
-0.666582 1.64515
-0.673217 1.65207
-0.68003 1.65465
-0.684638 1.65696
-0.686929 1.64656
-0.696037 1.65466
-0.696078 1.66151
-0.692583 1.65611
-0.699182 1.65587
-0.698645 1.6556
-0.70345 1.6553
-0.705166 1.65504
-0.705328 1.65901
-0.710351 1.65681
-0.71367 1.6577
-0.705886 1.66024
-0.712438 1.66152
-0.715598 1.6604
-0.718644 1.66316
-0.725312 1.66461
-0.730103 1.65983
-0.732834 1.65946
-0.735143 1.65791
-0.740309 1.6609
-0.747702 1.6627
-0.744866 1.66651
-0.744357 1.67469
-0.747676 1.67435
-0.749945 1.66825
-0.758108 1.66821
-0.76598 1.67102
-0.768788 1.66929
-0.779307 1.66245
-0.786194 1.66441
-0.790108 1.66765
-0.792582 1.66864
-0.797561 1.66675
-0.797912 1.66878
-0.80503 1.67031
-0.807404 1.67127
-0.822795 1.6788
-0.825983 1.68272
-0.828496 1.68489
-0.832526 1.68742
-0.83375 1.69193
-0.839942 1.69335
-0.838059 1.69386
-0.849114 1.69897
-0.846818 1.69899
-0.850099 1.70288
-0.855168 1.70146
-0.857197 1.70448
-0.86385 1.70338
-0.87128 1.70505
-0.872238 1.70836
-0.875107 1.70883
-0.879 1.70626
-0.883867 1.70792
-0.885668 1.70865
-0.898167 1.71451
-0.906394 1.72232
-0.911062 1.72207
-0.916717 1.72402
-0.923888 1.73034
-0.92183 1.73102
-0.929512 1.72703
-0.93339 1.72778
-0.936573 1.73027
-0.944941 1.72554
-0.953299 1.71722
-0.958538 1.71889
-0.961881 1.72055
-0.972575 1.71859
-0.969544 1.71216
-0.972012 1.71258
-0.97186 1.70753
-0.978745 1.70899
-0.982582 1.71345
-0.986688 1.7161
-0.989398 1.71361
-0.994679 1.71945
-0.997644 1.71337
-1.00356 1.71345
-1.00325 1.70919
-1.01177 1.7113
-1.02129 1.70474
-1.02544 1.70389
-1.03164 1.70329
-1.0366 1.70844
-1.05083 1.71254
-1.04668 1.71137
-1.05979 1.71969
-1.06604 1.72156
-1.07048 1.7209
-1.07372 1.71825
-1.07765 1.71973
-1.08086 1.71999
-1.07956 1.72001
-1.08111 1.72193
-1.08966 1.72079
-1.0956 1.71596
-1.09728 1.7149
-1.10656 1.71386
-1.10574 1.71299
-1.11289 1.70998
-1.1138 1.70685
-1.11982 1.70727
-1.1301 1.70968
-1.13163 1.70959
-1.1349 1.71037
-1.14215 1.70805
-1.14687 1.70617
-1.15417 1.70543
-1.15754 1.70444
-1.15991 1.70382
-1.16029 1.70505
-1.16404 1.70372
-1.16892 1.70457
-1.1677 1.70916
-1.16948 1.71072
-1.17537 1.71046
-1.18011 1.712
-1.18136 1.71187
-1.18893 1.70932
-1.19013 1.70979
-1.19532 1.70995
-1.20061 1.71137
-1.21354 1.70672
-1.21108 1.70071
-1.21631 1.6985
-1.2209 1.70015
-1.2247 1.69767
-1.22899 1.69803
-1.23659 1.70023
-1.24244 1.70041
-1.24311 1.69845
-1.25183 1.71059
-1.25383 1.71008
-1.25829 1.71216
-1.25824 1.71387
-1.268 1.71556
-1.27227 1.71697
-1.27753 1.7197
-1.28501 1.72603
-1.29113 1.72754
-1.29352 1.72897
-1.29893 1.73367
-1.29936 1.7325
-1.30187 1.73465
-1.30683 1.73386
-1.30982 1.72989
-1.31601 1.7249
-1.31759 1.73034
-1.32308 1.73005
-1.32821 1.73416
-1.33458 1.72391
-1.33724 1.71861
-1.33858 1.71811
-1.34142 1.72
-1.34264 1.72364
-1.33982 1.72605
-1.3466 1.72823
-1.35536 1.73225
-1.35318 1.72354
-1.35871 1.7282
-1.36353 1.73202
-1.3714 1.72585
-1.37652 1.72674
-1.38224 1.72943
-1.38807 1.72949
-1.39067 1.73008
-1.3917 1.73141
-1.39849 1.73227
-1.39747 1.73369
-1.40447 1.7347
-1.41014 1.73265
-1.41281 1.73732
-1.41468 1.73802
-1.41645 1.73477
-1.42104 1.73438
-1.42683 1.7378
-1.44171 1.73883
-1.45434 1.73582
-1.45843 1.73576
-1.46423 1.7332
-1.46951 1.73328
-1.47378 1.73043
-1.48128 1.72857
-1.4838 1.72546
-1.48618 1.72085
-1.50475 1.72374
-1.51675 1.73541
-1.51824 1.73575
-1.5232 1.73596
-1.52684 1.73376
-1.53245 1.73253
-1.53462 1.72559
-1.5427 1.72911
-1.54832 1.7292
-1.55761 1.71955
-1.5763 1.71705
-1.58036 1.71629
-1.58331 1.71504
-1.59234 1.71376
-1.59732 1.7204
-1.60657 1.71825
-1.60938 1.71775
-1.61432 1.71476
-1.61688 1.71255
-1.62917 1.7099
-1.63644 1.70973
-1.64415 1.71784
-1.64985 1.71795
-1.65592 1.71731
-1.66112 1.71556
-1.67002 1.71952
-1.67613 1.71418
-1.68097 1.71502
-1.68803 1.71113
-1.6918 1.71195
-1.6957 1.70681
-1.70152 1.7078
-1.71106 1.70015
-1.72024 1.69536
-1.72402 1.69401
-1.7332 1.69628
-1.74166 1.68955
-1.74779 1.68771
-1.75256 1.68622
-1.76039 1.68543
-1.76808 1.68159
-1.77185 1.67809
-1.77782 1.67497
-1.78546 1.67325
-1.80037 1.67047
-1.80624 1.67746
-1.81109 1.67529
-1.817 1.67595
-1.8274 1.67108
-1.83634 1.67183
-1.8442 1.66783
-1.84939 1.6658
-1.85337 1.66441
-1.8644 1.66185
-1.87036 1.6556
-1.87516 1.65437
-1.88304 1.64759
-1.88905 1.64599
-1.89627 1.64296
-1.90531 1.6409
-1.90863 1.63873
-1.91163 1.63397
-1.91444 1.62711
-1.9263 1.62334
-1.93208 1.62159
-1.94799 1.62964
-1.95457 1.62537
-1.95919 1.61977
-1.96269 1.61684
-1.96989 1.62245
-1.9813 1.61635
-1.98705 1.61267
-1.99331 1.60824
-1.99582 1.61101
-2.00201 1.60605
-2.00672 1.60648
-2.01259 1.60619
-2.01468 1.60643
-2.01398 1.6064
-2.02067 1.60948
-2.02349 1.60735
-2.02883 1.5972
-2.03322 1.59927
-2.03034 1.5978
-2.03283 1.59788
-2.03609 1.59447
-2.03914 1.59715
-2.06576 1.60453
-2.07425 1.60841
-2.07389 1.60045
-2.08235 1.59697
-2.08835 1.59889
-2.09743 1.60509
-2.0993 1.59728
-2.1031 1.59428
-2.11057 1.59482
-2.11163 1.5911
-2.11746 1.5881
-2.12318 1.59256
-2.12764 1.58871
-2.13033 1.58642
-2.1373 1.59533
-2.14157 1.59367
-2.1458 1.59339
-2.15583 1.59118
-2.1613 1.58657
-2.16102 1.58915
-2.16187 1.58917
-2.17637 1.59103
-2.17611 1.58312
-2.17952 1.5834
-2.18835 1.57753
-2.19326 1.57707
-2.19618 1.57428
-2.20067 1.5741
-2.20213 1.57209
-2.20679 1.57339
-2.21973 1.57534
-2.22686 1.57371
-2.22855 1.57067
-2.23038 1.56458
-2.23357 1.55804
-2.23772 1.55457
-2.24121 1.55229
-2.24301 1.5517
-2.2494 1.55472
-2.25546 1.5523
-2.25638 1.5555
-2.26581 1.54804
-2.26997 1.54619
-2.27482 1.54478
-2.28093 1.54023
-2.28476 1.53508
-2.2858 1.53399
-2.29892 1.51187
-2.30918 1.50493
-2.3257 1.5064
-2.32721 1.50462
-2.32765 1.50371
-2.33281 1.49871
-2.34087 1.4935
-2.35158 1.49713
-2.35422 1.49395
-2.36063 1.48744
-2.36359 1.49028
-2.36846 1.48479
-2.3718 1.48366
-2.37809 1.48035
-2.38361 1.47889
-2.38543 1.47429
-2.38773 1.47766
-2.39768 1.47808
-2.4041 1.46858
-2.40648 1.47133
-2.40752 1.46521
-2.41674 1.45556
-2.42463 1.45269
-2.42785 1.44848
-2.42975 1.44297
-2.43873 1.43614
-2.44118 1.43133
-2.44261 1.42666
-2.44449 1.42058
-2.4601 1.41808
-2.46531 1.41003
-2.48051 1.40492
-2.4825 1.39992
-2.49054 1.39106
-2.49699 1.38847
-2.50946 1.37938
-2.51436 1.37359
-2.51735 1.37278
-2.52353 1.3727
-2.53427 1.36496
-2.5403 1.35968
-2.54919 1.34878
-2.56659 1.33451
-2.57144 1.32259
-2.57823 1.31899
-2.58565 1.31625
-2.59718 1.30099
-2.60919 1.28818
-2.61333 1.28619
-2.62587 1.27496
-2.64076 1.25595
-2.64387 1.25079
-2.64702 1.24619
-2.65148 1.23791
-2.6555 1.23583
-2.66196 1.22702
-2.66809 1.21994
-2.67922 1.20426
-2.68658 1.19621
-2.69817 1.17612
-2.71126 1.16434
-2.72131 1.15592
-2.72969 1.13427
-2.73588 1.12851
-2.74162 1.11786
-2.75737 1.10942
-2.76395 1.09904
-2.77033 1.09166
-2.77729 1.08836
-2.78424 1.0849
-2.78707 1.07322
-2.79534 1.06712
-2.80012 1.04332
-2.80469 1.0535
-2.80798 1.0418
-2.81804 1.03481
-2.82847 1.03256
-2.83431 0.998042
-2.85376 1.02464
-2.8673 1.01598
-2.88016 0.984639
-2.88925 0.97691
-2.90106 0.974836
-2.90685 0.964871
-2.91749 0.955359
-2.92239 0.946002
-2.93862 0.943167
-2.94938 0.929362
-2.95711 0.916243
-2.96056 0.906446
-2.9641 0.9042
-2.98068 0.892036
-2.9929 0.886096
-3.00284 0.872923
-3.00656 0.870868
-3.01652 0.857528
-3.02642 0.837167
-3.04829 0.823817
-3.05144 0.811987
-3.05768 0.799128
-3.05767 0.7853
-3.07078 0.776062
-3.07432 0.765031
-3.0857 0.757624
-3.09593 0.743051
-3.10492 0.73441
-3.10252 0.707268
-3.11016 0.69392
-3.11632 0.681538
-3.11698 0.662154
-3.11759 0.6408
-3.11421 0.625419
-3.11842 0.615333
-3.12324 0.600593
-3.13081 0.58541
-3.13148 0.572829
-3.13419 0.561899
-3.13098 0.549539
-3.13766 0.516119
-3.1373 0.505738
-3.13197 0.498828
-3.13078 0.487106
-3.13123 0.473913
-3.12951 0.461374
-3.13867 0.451914
-3.13067 0.43993
-3.12978 0.419679
-3.13231 0.408847
-3.13738 0.398804
-3.13984 0.385704
-3.1492 0.365887
-3.15458 0.346276
-3.15303 0.336148
-3.15745 0.32781
-3.15825 0.313066
-3.16595 0.304202
-3.17105 0.283792
-3.17305 0.273494
-3.16706 0.252226
-3.1671 0.235034
-3.17812 0.212629
-3.17686 0.20196
-3.17805 0.189554
-3.17472 0.164868
-3.17271 0.158087
-3.17817 0.14471
-3.18287 0.127799
-3.17623 0.118458
-3.17734 0.107184
-3.17581 0.0924844
-3.17411 0.0821082
-3.17593 0.0713812
-3.17695 0.0641375
-3.18264 0.0539558
-3.18731 0.0331018
-3.18161 0.00933175
-3.17911 -0.00438194
-3.17865 -0.016814
-3.1807 -0.0299835
-3.17327 -0.0503513
-3.16829 -0.0589026
-3.1719 -0.0690593
-3.16991 -0.0801041
-3.1785 -0.0877857
-3.16882 -0.09757
-3.16363 -0.120634
-3.17245 -0.132842
-3.16907 -0.148597
-3.16902 -0.155829
-3.16992 -0.169164
-3.16579 -0.18707
-3.17241 -0.203746
-3.16359 -0.215138
-3.16081 -0.229739
-3.16476 -0.235806
-3.1534 -0.252392
-3.16362 -0.26795
-3.15948 -0.279453
-3.15739 -0.297847
-3.15295 -0.319682
-3.14685 -0.327422
-3.14701 -0.349076
-3.14609 -0.368044
-3.14173 -0.378759
-3.14137 -0.385276
-3.13779 -0.40398
-3.13989 -0.416947
-3.13039 -0.429658
-3.1278 -0.439616
-3.11832 -0.446522
-3.10744 -0.493611
-3.10416 -0.50449
-3.10567 -0.467524
-3.10061 -0.470764
-3.09244 -0.529451
-3.04244 -0.546826
-3.09295 -0.555506
-3.08947 -0.572848
-3.09056 -0.581401
-3.07842 -0.587783
-3.025 -0.601106
-3.07793 -0.621906
-3.01571 -0.635414
-3.00612 -0.645427
-2.99425 -0.656215
-2.99027 -0.669393
-2.98054 -0.691338
-2.96418 -0.70179
-2.96234 -0.727796
-2.95476 -0.744733
-2.94368 -0.760842
-2.94406 -0.764018
-2.93112 -0.778878
-2.92074 -0.792281
-2.9136 -0.813856
-2.90981 -0.81702
-2.90233 -0.832762
-2.89959 -0.840588
-2.89222 -0.860019
-2.88813 -0.875059
-2.87262 -0.896539
-2.87281 -0.904566
-2.86991 -0.912799
-2.85809 -0.918547
-2.86087 -0.928891
-2.85388 -0.93876
-2.85682 -0.942993
-2.85756 -0.945022
-2.85743 -0.94732
-2.84103 -0.944536
-2.84521 -0.936746
-2.83763 -0.944309
-2.81974 -0.948022
-2.81086 -1.04439
-2.796 -1.04649
-2.77771 -1.05741
-2.77576 -1.06068
-2.76874 -1.07794
-2.76977 -1.07378
-2.76251 -1.07731
-2.75928 -1.08926
-2.75341 -1.08637
-2.7472 -1.09845
-2.74493 -1.10934
-2.73927 -1.12164
-2.72291 -1.14326
-2.71909 -1.1372
-2.71564 -1.13731
-2.70547 -1.13819
-2.69692 -1.14662
-2.68793 -1.16851
-2.55244 -1.20741
-2.67072 -1.19506
-2.67391 -1.20823
-2.66705 -1.2087
-2.6537 -1.21811
-2.6351 -1.23155
-2.637 -1.24232
-2.55049 -1.26597
-2.54454 -1.27601
-2.53335 -1.292
-2.53264 -1.29027
-2.51548 -1.28632
-2.49878 -1.30841
-2.49013 -1.31231
-2.48683 -1.31515
-2.47592 -1.31493
-2.4625 -1.32405
-2.45912 -1.31985
-2.45043 -1.32294
-2.43753 -1.3404
-2.44063 -1.33741
-2.42303 -1.34897
-2.41229 -1.35193
-2.39583 -1.35766
-2.38262 -1.36524
-2.37371 -1.36833
-2.35601 -1.38013
-2.34509 -1.38071
-2.33583 -1.38585
-2.32525 -1.39292
-2.316 -1.3999
-2.30683 -1.40019
-2.29133 -1.40078
-2.27826 -1.40358
-2.26359 -1.4146
-2.25641 -1.42797
-2.24436 -1.43228
-2.23306 -1.44298
-2.21872 -1.445
-2.20941 -1.44238
-2.19602 -1.4456
-2.18023 -1.45336
-2.17501 -1.45748
-2.17385 -1.4954
-2.15148 -1.49994
-2.1422 -1.504
-2.13215 -1.51654
-2.12329 -1.52508
-2.10721 -1.52426
-2.09847 -1.52317
-2.09218 -1.53105
-2.08401 -1.53134
-2.00914 -1.52668
-1.99345 -1.53702
-1.99235 -1.534
-1.96715 -1.53654
-1.95676 -1.53287
-1.94458 -1.53759
-1.92753 -1.54085
-1.91293 -1.5489
-1.90514 -1.56022
-1.89833 -1.55935
-1.87699 -1.55542
-1.85067 -1.55494
-1.82998 -1.5581
-1.81465 -1.56457
-1.80397 -1.56357
-1.80069 -1.56091
-1.77723 -1.56269
-1.76243 -1.56736
-1.74694 -1.56313
-1.72652 -1.57603
-1.70682 -1.57861
-1.69614 -1.57509
-1.68688 -1.57506
-1.67221 -1.57054
-1.66599 -1.56973
-1.64934 -1.57415
-1.63939 -1.57353
-1.63374 -1.56729
-1.62313 -1.56758
-1.60631 -1.5675
-1.60057 -1.56479
-1.58463 -1.55972
-1.52043 -1.56769
-1.56575 -1.55413
-1.511 -1.56553
-1.55272 -1.56121
-1.48813 -1.5766
-1.47623 -1.57444
-1.46234 -1.57429
-1.45815 -1.57168
-1.44014 -1.56824
-1.42808 -1.56255
-1.41189 -1.55924
-1.39928 -1.56546
-1.39175 -1.55961
-1.36643 -1.56287
-1.35495 -1.55929
-1.34302 -1.54827
-1.33429 -1.55541
-1.32537 -1.55185
-1.30244 -1.56207
-1.28678 -1.56244
-1.26883 -1.56076
-1.25102 -1.5614
-1.22892 -1.56689
-1.21778 -1.55673
-1.20564 -1.55138
-1.19748 -1.54657
-1.17821 -1.55266
-1.16957 -1.54429
-1.15972 -1.55293
-1.1465 -1.54959
-1.12544 -1.55001
-1.09161 -1.53339
-1.04578 -1.53083
-1.04003 -1.52589
-1.02208 -1.53344
-1.0121 -1.52867
-0.998512 -1.53017
-0.98212 -1.5305
-0.952186 -1.51891
-0.945249 -1.51763
-0.93212 -1.5092
-0.924605 -1.50488
-0.903286 -1.50665
-0.891357 -1.47661
-0.878041 -1.47761
-0.861719 -1.47242
-0.836113 -1.46061
-0.829299 -1.49813
-0.806453 -1.50288
-0.784088 -1.48868
-0.75649 -1.48916
-0.737256 -1.49282
-0.72281 -1.48724
-0.707799 -1.48691
-0.697313 -1.42217
-0.683267 -1.4187
-0.666236 -1.40766
-0.65407 -1.39963
-0.643631 -1.39142
-0.637733 -1.38415
-0.632188 -1.37919
-0.622738 -1.3719
-0.605013 -1.36608
-0.598725 -1.3578
-0.590552 -1.35272
-0.54707 -1.34529
-0.526027 -1.33409
-0.515245 -1.31913
-0.504023 -1.31275
-0.489645 -1.31086
-0.479887 -1.30445
-0.463426 -1.30217
-0.44393 -1.30382
-0.439441 -1.29592
-0.428481 -1.28852
-0.413071 -1.27624
-0.398553 -1.25946
-0.380442 -1.2479
-0.371494 -1.24696
-0.364332 -1.24161
-0.355947 -1.23327
-0.346215 -1.22179
-0.327434 -1.20423
-0.300202 -1.20113
-0.295987 -1.19194
-0.276016 -1.16913
-0.268395 -1.16105
-0.257903 -1.15259
-0.253975 -1.13736
-0.239833 -1.13828
-0.227623 -1.12477
-0.221426 -1.11414
-0.21336 -1.10666
-0.197604 -1.09793
-0.190084 -1.09788
-0.180444 -1.09448
-0.172271 -1.08207
-0.167814 -1.08052
-0.163544 -1.0574
-0.15122 -1.05506
-0.127755 -1.02247
-0.115704 -1.00658
-0.103182 -1.00112
-0.102393 -0.948802
-0.0949382 -0.937672
-0.0922411 -0.930111
-0.0755355 -0.905093
-0.0737374 -0.894239
-0.0492076 -0.886569
-0.0401304 -0.877959
-0.0389475 -0.857368
-0.0303597 -0.843662
-0.0231495 -0.835248
-0.0151306 -0.822415
-0.00803713 -0.811454
0.00433239 -0.792808
0.0144946 -0.782087
0.0213149 -0.774219
0.0304522 -0.760955
0.0309248 -0.740743
0.0416823 -0.723503
0.0478292 -0.698473
0.0531531 -0.691028
0.0620338 -0.687366
0.0694457 -0.666703
0.0714652 -0.647404
0.0885082 -0.627761
0.0859141 -0.619009
0.089731 -0.596203
0.103231 -0.577636
0.104327 -0.565315
0.115007 -0.560843
0.116937 -0.546545
0.121759 -0.54505
0.135782 -0.535902
0.146654 -0.511162
0.152216 -0.508384
0.161946 -0.502406
0.17745 -0.490752
0.162142 -0.426851
0.164388 -0.410469
0.168147 -0.392829
0.174849 -0.379278
0.18679 -0.380182
0.187414 -0.363842
0.195018 -0.343716
0.200681 -0.330715
0.206844 -0.31166
0.216998 -0.301688
0.223461 -0.280452
0.223945 -0.270605
0.235725 -0.2597
0.236479 -0.25383
0.240062 -0.242212
0.242438 -0.234427
0.240063 -0.225799
0.24038 -0.201944
0.249219 -0.183357
0.257737 -0.169546
0.265121 -0.154747
0.265297 -0.135602
0.27309 -0.122146
0.273477 -0.112705
0.272994 -0.089104
0.263214 -0.0748852
0.261969 -0.0548898
0.262768 -0.0370903
0.268722 -0.0283702
0.282895 -0.0210354
0.276708 -0.00964001
0.272055 0.0672264
0.283356 0.0753391
0.283976 0.0813104
0.287331 0.0972187
0.285317 0.108747
0.288155 0.128534
0.283014 0.144236
0.280947 0.160851
0.277759 0.180176
0.277112 0.188097
0.276831 0.19422
0.276455 0.205313
0.275537 0.233375
0.284881 0.240302
0.279664 0.249501
0.279082 0.261603
0.275035 0.276691
0.274881 0.288456
0.276761 0.296138
0.277083 0.319942
0.27195 0.330438
0.277411 0.340733
0.284139 0.352649
0.277549 0.372388
0.279705 0.39069
0.27299 0.401404
0.266233 0.401713
0.267047 0.414292
0.261841 0.420393
0.259256 0.435785
0.258127 0.442803
0.255835 0.454367
0.2503 0.465757
0.242076 0.476059
0.235937 0.504016
0.232981 0.541452
0.232342 0.553931
0.227473 0.565394
0.223956 0.584554
0.213496 0.605087
0.20557 0.618851
0.196444 0.636627
0.19463 0.653275
0.183648 0.67306
0.175553 0.681046
0.170724 0.695888
0.163847 0.711506
0.164347 0.726018
0.155058 0.736941
0.150503 0.754901
0.154111 0.764703
0.148822 0.767622
0.139228 0.784728
0.12853 0.812252
0.124032 0.827873
0.120058 0.839206
0.117766 0.846397
0.111748 0.857106
0.105712 0.8657
0.0979529 0.884327
0.0921303 0.895585
0.0868399 0.910137
0.0827008 0.920283
0.0777707 0.931995
0.0783133 0.941264
0.0686333 0.954125
0.0551455 0.968892
0.0511579 0.981446
0.050148 0.98787
0.0414494 0.995233
0.0341331 1.0009
0.0224404 1.04023
0.0189892 1.05497
0.00723298 1.0762
0.000614272 1.09441
-0.0134466 1.11448
-0.0223803 1.12587
-0.0280559 1.13846
-0.0388625 1.15001
-0.0457693 1.16133
-0.0531262 1.16323
-0.077109 1.1707
-0.0881946 1.18505
-0.0999051 1.20616
-0.0988577 1.21632
-0.11061 1.22531
-0.117358 1.2366
-0.127382 1.24145
-0.136933 1.25091
-0.145981 1.25678
-0.154757 1.2651
-0.174151 1.27908
-0.183186 1.28486
-0.197956 1.29721
-0.2141 1.30836
-0.224646 1.31254
-0.235874 1.3196
-0.243288 1.32618
-0.25077 1.33845
-0.260595 1.34463
-0.271357 1.35305
-0.299149 1.36735
-0.305467 1.37793
-0.321236 1.39528
-0.331968 1.40019
-0.345715 1.40611
-0.369731 1.42418
-0.381951 1.42632
-0.389504 1.43439
-0.397527 1.44097
-0.406018 1.44376
-0.412227 1.45355
-0.429494 1.45727
-0.44147 1.45602
-0.460034 1.47533
-0.460995 1.52268
-0.465363 1.52508
-0.480738 1.53109
-0.488949 1.53124
-0.501463 1.53617
-0.517619 1.54337
-0.542112 1.54722
-0.548686 1.5552
-0.578317 1.55755
-0.591381 1.56435
-0.604018 1.55957
-0.614949 1.56991
-0.632189 1.57385
-0.649693 1.58254
-0.671263 1.57918
-0.675883 1.58597
-0.688014 1.58566
-0.695629 1.59754
-0.706275 1.59695
-0.722191 1.59747
-0.739206 1.59785
-0.749486 1.59666
-0.763718 1.60744
-0.766333 1.60998
-0.786144 1.60305
-0.796357 1.60762
-0.810109 1.60072
-0.821176 1.60664
-0.832207 1.60477
-0.845472 1.61925
-0.858794 1.6254
-0.870114 1.62897
-0.883585 1.62549
-0.893128 1.62662
-0.908541 1.63246
-0.91764 1.62959
-0.932959 1.63182
-0.942441 1.63053
-0.95633 1.64394
-0.967279 1.64396
-0.997517 1.64657
-1.00345 1.64942
-1.0177 1.65437
-1.02751 1.65366
-1.03163 1.65473
-1.04659 1.65432
-1.07057 1.65323
-1.08177 1.65581
-1.08876 1.65328
-1.10088 1.64638
-1.10699 1.64673
-1.11712 1.64712
-1.12668 1.64423
-1.13978 1.64459
-1.15063 1.64681
-1.17505 1.6427
-1.1862 1.64696
-1.19102 1.64381
-1.20599 1.64458
-1.21697 1.645
-1.22733 1.63859
-1.24344 1.64209
-1.25726 1.63879
-1.2791 1.63902
-1.29164 1.64015
-1.30526 1.64629
-1.31964 1.64367
-1.33181 1.64645
-1.34358 1.63643
-1.35744 1.63431
-1.3718 1.63689
-1.38211 1.63118
-1.40263 1.63017
-1.41309 1.63214
-1.4258 1.63151
-1.43734 1.62954
-1.4497 1.62686
-1.46197 1.62386
-1.47493 1.62958
-1.48618 1.63122
-1.50112 1.63607
-1.51623 1.6301
-1.52892 1.63736
-1.55854 1.64019
-1.56683 1.64015
-1.58107 1.64105
-1.59201 1.64246
-1.6058 1.63147
-1.62252 1.62284
-1.63621 1.6235
-1.6475 1.61924
-1.65515 1.6173
-1.66765 1.61263
-1.67733 1.60735
-1.70044 1.61089
-1.71086 1.60863
-1.72157 1.60891
-1.73436 1.60346
-1.74648 1.60603
-1.76088 1.59838
-1.77923 1.59449
-1.79734 1.59343
-1.80567 1.59025
-1.8352 1.59003
-1.8517 1.58029
-1.86294 1.57204
-1.8744 1.56997
-1.89597 1.56835
-1.90975 1.56569
-1.91998 1.56641
-1.93425 1.55778
-1.94825 1.55665
-1.96414 1.55187
-1.97892 1.54184
-1.98481 1.50046
-2.00366 1.48931
-2.00978 1.47983
-2.02956 1.47701
-2.03727 1.47034
-2.06809 1.47156
-2.08239 1.46681
-2.09363 1.45604
-2.10682 1.45473
-2.11465 1.44992
-2.12506 1.44727
-2.14052 1.44094
-2.15413 1.42968
-2.16649 1.42011
-2.18466 1.41605
-2.19609 1.40982
-2.20336 1.40316
-2.21921 1.3985
-2.22684 1.38873
-2.24172 1.37622
-2.25249 1.37463
-2.26935 1.37068
-2.28055 1.36484
-2.29279 1.36084
-2.30475 1.35395
-2.32399 1.34662
-2.33449 1.33731
-2.34668 1.33026
-2.35214 1.32405
-2.36239 1.31193
-2.37246 1.30469
-2.39081 1.30234
-2.39932 1.29753
-2.40848 1.28729
-2.41393 1.28019
-2.42716 1.25936
-2.43299 1.25026
-2.44264 1.24274
-2.44846 1.23425
-2.46208 1.22129
-2.47766 1.21005
-2.48212 1.20347
-2.50376 1.19646
-2.51005 1.19028
-2.51813 1.18037
-2.52482 1.16772
-2.53219 1.15954
-2.54533 1.15059
-2.56023 1.14192
-2.56591 1.13601
-2.57276 1.12812
-2.58046 1.12521
-2.58622 1.11481
-2.60156 1.10586
-2.61389 1.09618
-2.6244 1.08837
-2.64344 1.07405
-2.65548 1.07541
-2.6643 1.06977
-2.66854 1.05913
-2.68931 1.04872
-2.70213 0.994347
-2.71478 0.986849
-2.72865 0.978013
-2.74245 0.975301
-2.75607 0.972721
-2.76288 0.957826
-2.77189 0.950757
-2.77948 0.940918
-2.78516 0.936475
-2.79587 0.930489
-2.8072 0.913368
-2.81851 0.903153
-2.82303 0.89295
-2.831 0.880724
-2.83849 0.871225
-2.84603 0.860868
-2.86023 0.850591
-2.86739 0.843971
-2.87986 0.837608
-2.88334 0.824899
-2.88959 0.813138
-2.90005 0.804959
-2.90679 0.795758
-2.91877 0.790994
-2.9278 0.78103
-2.93534 0.778339
-2.94242 0.765962
-2.95187 0.756436
-2.95877 0.745443
-2.96714 0.740072
-2.96989 0.727787
-2.97399 0.71806
-2.98152 0.714228
-2.99729 0.710572
-3.00337 0.69484
-3.0078 0.679774
-3.0101 0.674446
-3.01251 0.661581
-3.01365 0.655808
-3.01442 0.650878
-3.01935 0.645802
-3.03545 0.634427
-3.04423 0.623532
-3.05249 0.617383
-3.05284 0.591637
-3.05425 0.584622
-3.067 0.57449
-3.07079 0.563809
-3.07383 0.55265
-3.0746 0.502307
-3.07504 0.493478
-3.07793 0.492206
-3.08383 0.475532
-3.09094 0.47313
-3.09164 0.466599
-3.098 0.456796
-3.09998 0.446675
-3.10491 0.440975
-3.10542 0.427976
-3.10649 0.416852
-3.11086 0.405153
-3.1101 0.393311
-3.1139 0.387758
-3.11587 0.369417
-3.12369 0.361674
-3.12537 0.352614
-3.12359 0.341143
-3.12707 0.331866
-3.12856 0.321825
-3.12826 0.305968
-3.13433 0.291165
-3.13542 0.275513
-3.13232 0.25999
-3.13622 0.238565
-3.13174 0.224518
-3.13353 0.209312
-3.1361 0.194371
-3.13398 0.172942
-3.13578 0.160534
-3.14097 0.145114
-3.13771 0.138657
-3.13696 0.124959
-3.13817 0.113038
-3.12965 0.103192
-3.12873 0.0941246
-3.12191 0.0818228
-3.12409 0.0666805
-3.12885 0.0535217
-3.12234 -0.00913025
-3.11184 -0.0205653
-3.11719 -0.0365892
-3.10595 -0.0499018
-3.10469 -0.0620032
-3.11187 -0.0691313
-3.10876 -0.0865934
-3.10022 -0.10111
-3.10309 -0.116417
-3.10266 -0.131006
-3.10355 -0.145501
-3.09817 -0.163172
-3.08722 -0.174788
-3.0801 -0.197259
-3.07463 -0.206796
-3.02128 -0.217082
-3.03536 -0.230914
-3.02684 -0.249788
-3.02254 -0.269942
-3.03267 -0.295696
-3.0337 -0.310516
-3.03197 -0.328593
-3.02003 -0.332961
-3.00769 -0.343821
-2.99802 -0.356296
-2.9926 -0.366268
-2.99448 -0.383114
-2.99044 -0.387224
-2.98229 -0.400091
-2.99341 -0.413044
-2.99004 -0.446528
-2.97769 -0.46461
-2.97329 -0.531617
-2.9659 -0.54195
-2.96035 -0.551856
-2.95207 -0.574663
-2.94122 -0.573926
-2.93994 -0.592872
-2.93629 -0.603657
-2.93138 -0.613767
-2.93297 -0.626872
-2.9301 -0.65468
-2.9342 -0.667391
-2.91233 -0.675223
-2.90853 -0.691662
-2.91263 -0.715364
-2.9214 -0.721968
-2.9112 -0.723516
-2.91603 -0.740786
-2.91269 -0.75914
-2.90942 -0.770979
-2.8999 -0.786018
-2.89845 -0.803432
-2.89358 -0.803134
-2.90462 -0.817947
-2.90001 -0.825825
-2.88694 -0.843285
-2.88202 -0.854676
-2.88444 -0.867764
-2.87607 -0.875079
-2.86439 -0.878196
-2.859 -0.894689
-2.8585 -0.898522
-2.85203 -0.885211
-2.84258 -0.889112
-2.85081 -0.898393
-2.84254 -0.906813
-2.84048 -0.911158
-2.8346 -0.930506
-2.83285 -0.933851
-2.79491 -1.04072
-2.79274 -1.04572
-2.77179 -1.05835
-2.8036 -0.975883
-2.76396 -1.06813
-2.75778 -1.07947
-2.74721 -1.0862
-2.73337 -1.10475
-2.73115 -1.10013
-2.72039 -1.11395
-2.70657 -1.12127
-2.70299 -1.12775
-2.71025 -1.12679
-2.70082 -1.13119
-2.69456 -1.14053
-2.67778 -1.15636
-2.68423 -1.15303
-2.67533 -1.16215
-2.66881 -1.16486
-2.66021 -1.17103
-2.65483 -1.17496
-2.65423 -1.19479
-2.63378 -1.19735
-2.63216 -1.21009
-2.61415 -1.22031
-2.60827 -1.21688
-2.59977 -1.22654
-2.58921 -1.2326
-2.58313 -1.2317
-2.58412 -1.23982
-2.51693 -1.25869
-2.51521 -1.2741
-2.51097 -1.27685
-2.50249 -1.28134
-2.4957 -1.29643
-2.49467 -1.30602
-2.49207 -1.30556
-2.48251 -1.30455
-2.47791 -1.30806
-2.46526 -1.31986
-2.46639 -1.33503
-2.46449 -1.34062
-2.45534 -1.36011
-2.4377 -1.36653
-2.42699 -1.37474
-2.41883 -1.38103
-2.40516 -1.38524
-2.4 -1.39798
-2.38849 -1.40613
-2.3732 -1.40771
-2.36047 -1.41546
-2.34653 -1.41647
-2.33647 -1.42376
-2.31109 -1.49693
-2.2988 -1.50121
-2.28209 -1.50789
-2.27671 -1.5175
-2.26944 -1.51354
-2.26153 -1.51701
-2.24661 -1.52604
-2.22632 -1.52705
-2.22194 -1.52659
-2.21217 -1.52601
-2.19721 -1.53173
-2.18844 -1.52895
-2.17741 -1.52719
-2.16811 -1.53689
-2.1578 -1.53818
-2.15213 -1.54105
-2.14084 -1.55591
-2.13 -1.5558
-2.11526 -1.5592
-2.10018 -1.56697
-2.07371 -1.57697
-2.01462 -1.60046
-2.01238 -1.59201
-2.00181 -1.59083
-1.98673 -1.59034
-1.97229 -1.60233
-1.96281 -1.60348
-1.95159 -1.60781
-1.94323 -1.61045
-1.92649 -1.60988
-1.90994 -1.61423
-1.89777 -1.61358
-1.88858 -1.61629
-1.87333 -1.61967
-1.859 -1.62013
-1.84609 -1.62004
-1.83357 -1.61867
-1.82377 -1.61372
-1.81662 -1.61654
-1.7963 -1.61876
-1.78927 -1.61551
-1.77971 -1.61849
-1.76641 -1.62027
-1.75784 -1.61893
-1.74302 -1.62345
-1.72489 -1.62074
-1.72058 -1.63077
-1.70403 -1.62189
-1.67562 -1.62433
-1.67055 -1.61992
-1.65696 -1.61888
-1.6549 -1.61791
-1.63662 -1.62968
-1.61786 -1.62791
-1.61014 -1.62906
-1.59653 -1.62736
-1.56964 -1.62643
-1.4853 -1.63481
-1.47123 -1.63135
-1.4538 -1.63006
-1.44218 -1.63012
-1.43147 -1.63189
-1.41721 -1.6286
-1.4179 -1.63247
-1.40689 -1.63333
-1.39478 -1.63181
-1.37359 -1.63204
-1.35497 -1.6237
-1.33976 -1.62399
-1.32104 -1.62681
-1.307 -1.62139
-1.28793 -1.62107
-1.27729 -1.61909
-1.25292 -1.62277
-1.21978 -1.61594
-1.20406 -1.61434
-1.19071 -1.61097
-1.17287 -1.60598
-1.15841 -1.60386
-1.15119 -1.60143
-1.13494 -1.60161
-1.11526 -1.59523
-1.10692 -1.59683
-1.09352 -1.5937
-1.08139 -1.59323
-1.07366 -1.58812
-1.02604 -1.57699
-1.00914 -1.57332
-0.99737 -1.56681
-0.985891 -1.56101
-0.97528 -1.56231
-0.962022 -1.55701
-0.945697 -1.54692
-0.926165 -1.5484
-0.916537 -1.54286
-0.902926 -1.53539
-0.884437 -1.52882
-0.878487 -1.52971
-0.865507 -1.52424
-0.850249 -1.5195
-0.836519 -1.51534
-0.811456 -1.52593
-0.793106 -1.51994
-0.762478 -1.51884
-0.737679 -1.50556
-0.724518 -1.49981
-0.718085 -1.49859
-0.695058 -1.49652
-0.681809 -1.48871
-0.662176 -1.48599
-0.653896 -1.42496
-0.638335 -1.41861
-0.629505 -1.40853
-0.631388 -1.38635
-0.61925 -1.38155
-0.594014 -1.3646
-0.585901 -1.35328
-0.522891 -1.35304
-0.514602 -1.34903
-0.504697 -1.33781
-0.497563 -1.3265
-0.479434 -1.32357
-0.45779 -1.32034
-0.442783 -1.31519
-0.432792 -1.30296
-0.418578 -1.29101
-0.408799 -1.27928
-0.402391 -1.26823
-0.388158 -1.26219
-0.375039 -1.25117
-0.365554 -1.24052
-0.352791 -1.22504
-0.340492 -1.21549
-0.325097 -1.2018
-0.312662 -1.19558
-0.305982 -1.18647
-0.29176 -1.17638
-0.278462 -1.17133
-0.260618 -1.15803
-0.243931 -1.13831
-0.222081 -1.12609
-0.217129 -1.11742
-0.204207 -1.10392
-0.191248 -1.09682
-0.183641 -1.08845
-0.16324 -1.07966
-0.151982 -1.05954
-0.144736 -1.05086
-0.124137 -1.03321
-0.112505 -1.03434
-0.110788 -1.02459
-0.095756 -1.01155
-0.0759934 -1.00095
-0.0435484 -0.994298
-0.0354148 -0.963023
-0.0296397 -0.951988
-0.0243781 -0.945663
-0.0151425 -0.934204
-0.00654703 -0.926176
-0.00648865 -0.911794
0.00563068 -0.886698
0.0127546 -0.875181
0.0242479 -0.856657
0.023135 -0.838479
0.0316288 -0.830781
0.0434232 -0.821218
0.0446651 -0.813747
0.0595259 -0.793256
0.0715934 -0.78048
0.0736022 -0.768273
0.0822766 -0.744896
0.0939855 -0.743849
0.0938627 -0.732119
0.0986617 -0.717952
0.0998719 -0.689565
0.102251 -0.679663
0.115834 -0.664068
0.121061 -0.655323
0.12774 -0.641645
0.13211 -0.629143
0.146173 -0.611189
0.151236 -0.584764
0.167343 -0.57646
0.171843 -0.554073
0.180436 -0.54385
0.189318 -0.531893
0.196163 -0.523279
0.186358 -0.46999
0.196143 -0.454562
0.203869 -0.445529
0.213804 -0.426306
0.211653 -0.410368
0.212808 -0.392891
0.215519 -0.382158
0.225556 -0.380921
0.232363 -0.363315
0.245451 -0.345212
0.248928 -0.33236
0.249293 -0.319673
0.254853 -0.311223
0.265749 -0.291982
0.274437 -0.279792
0.273148 -0.261325
0.280025 -0.244627
0.281215 -0.233772
0.276406 -0.22369
0.276906 -0.210924
0.277791 -0.198383
0.283189 -0.188156
0.282258 -0.175741
0.28317 -0.164317
0.285363 -0.143372
0.283162 -0.135111
0.282408 -0.124917
0.290442 -0.109679
0.290457 -0.099252
0.29234 -0.0862936
0.290948 -0.0765257
0.279077 -0.0634307
0.276273 -0.0549945
0.275854 -0.0475119
0.276068 -0.0292122
0.283907 -0.0144618
0.282234 -0.0133938
0.283952 0.0312702
0.277706 0.0373406
0.278723 0.0435732
0.276408 0.0621535
0.273611 0.0719224
0.281283 0.0908817
0.288173 0.101612
0.287884 0.117771
0.283026 0.125345
0.280826 0.133398
0.276326 0.147626
0.275094 0.163334
0.279377 0.183237
0.280858 0.200931
0.283163 0.209752
0.291032 0.223146
0.288568 0.233446
0.279608 0.256308
0.280773 0.275832
0.28863 0.290241
0.286996 0.300074
0.286939 0.313752
0.290823 0.335547
0.286859 0.350054
0.278571 0.364673
0.272306 0.383722
0.26472 0.395374
0.265205 0.410769
0.260104 0.423365
0.252697 0.437784
0.242949 0.459805
0.239638 0.507661
0.243115 0.519917
0.247628 0.53806
0.246145 0.549193
0.239516 0.564278
0.227039 0.585419
0.223012 0.599402
0.214808 0.605368
0.21023 0.608461
0.206567 0.62014
0.19487 0.636793
0.188421 0.649009
0.185848 0.680282
0.183445 0.697797
0.179832 0.70646
0.176708 0.718324
0.171623 0.752555
0.163871 0.776109
0.154773 0.788188
0.148512 0.794224
0.144357 0.804178
0.141063 0.81664
0.138425 0.830763
0.132348 0.842996
0.120165 0.859787
0.113542 0.874458
0.108268 0.89455
0.0997493 0.907809
0.0817908 0.922735
0.0716342 0.939858
0.0608435 0.954701
0.0571867 0.964808
0.0475039 0.975261
0.0380046 0.98765
0.028971 0.990961
0.0218977 1.0054
0.0131563 1.0272
0.00131812 1.03787
-0.00737586 1.05029
-0.0166148 1.05154
-0.0288879 1.06776
-0.0342958 1.0865
-0.0419965 1.09493
-0.0651515 1.10761
-0.0729468 1.1121
-0.0811292 1.11852
-0.0910081 1.1266
-0.10114 1.13655
-0.108732 1.14464
-0.123366 1.15954
-0.133167 1.17106
-0.142035 1.18169
-0.147751 1.19749
-0.15703 1.20751
-0.182033 1.22646
-0.180208 1.23405
-0.19201 1.24488
-0.209212 1.25758
-0.225413 1.27573
-0.235003 1.28036
-0.247891 1.29336
-0.256857 1.3011
-0.266142 1.30876
-0.276735 1.31693
-0.289361 1.32687
-0.296978 1.33249
-0.310208 1.3387
-0.320754 1.34391
-0.329877 1.35132
-0.340271 1.35558
-0.351436 1.36291
-0.363678 1.3734
-0.371483 1.37815
-0.379698 1.38662
-0.404126 1.39184
-0.419937 1.39871
-0.429972 1.40668
-0.441356 1.41361
-0.450653 1.42351
-0.46352 1.43253
-0.479659 1.43191
-0.497373 1.44109
