0.800431 0.00976615
0.813771 0.0210473
0.807922 -0.017284
0.814447 -0.00892657
0.819193 0.0355945
0.821424 0.0573647
0.822281 0.0689096
0.812246 0.0807142
0.795266 0.0865344
0.79113 0.096753
0.781854 0.0981674
0.775046 0.0965007
0.774066 0.107979
0.76766 0.0996146
0.762386 0.108997
0.757483 0.124228
0.754293 0.124922
0.748595 0.140529
0.748161 0.137932
0.735257 0.144244
0.732378 0.145802
0.727437 0.164668
0.716813 0.16482
0.707045 0.160807
0.699366 0.164489
0.698186 0.167071
0.695668 0.177174
0.687012 0.179667
0.691544 0.17971
0.689844 0.184153
0.689127 0.190468
0.688795 0.192691
0.690809 0.195514
0.689466 0.197064
0.685188 0.197911
0.686252 0.199309
0.679914 0.2017
0.683325 0.204728
0.683134 0.206258
0.676983 0.207062
0.668744 0.211003
0.671919 0.215342
0.672756 0.221137
0.668434 0.221203
0.660842 0.22408
0.663772 0.225905
0.656755 0.226263
0.655411 0.224089
0.654295 0.232651
0.655159 0.234433
0.654512 0.237183
0.646424 0.240098
0.642852 0.247506
0.648498 0.245172
0.631392 0.262033
0.631931 0.267873
0.620883 0.263739
0.617083 0.264335
0.606082 0.272681
0.603073 0.276204
0.587445 0.278467
0.584612 0.278133
0.576484 0.285131
0.574691 0.283325
0.577215 0.285448
0.567323 0.287493
0.570106 0.29772
0.568244 0.297417
0.568251 0.297736
0.576007 0.301987
0.574553 0.307857
0.567009 0.303895
0.572184 0.304026
0.566666 0.299835
0.565586 0.301124
0.561814 0.303802
0.560492 0.305491
0.559293 0.302878
0.55812 0.300357
0.557172 0.30385
0.561223 0.31139
0.553945 0.316355
0.550065 0.31443
0.55262 0.325318
0.552979 0.321628
0.544215 0.320002
0.542768 0.324506
0.545881 0.330763
0.54606 0.330939
0.546279 0.329388
0.541706 0.333395
0.536612 0.336097
0.538624 0.331364
0.543218 0.329523
0.543505 0.329415
0.542808 0.332256
0.544367 0.327399
0.540418 0.331262
0.532729 0.327807
0.533926 0.33341
0.529599 0.331425
0.523914 0.340117
0.52414 0.341978
0.528715 0.341818
0.523003 0.346042
0.520062 0.342144
0.517946 0.342344
0.5191 0.345748
0.512291 0.351233
0.510627 0.356275
0.502349 0.355795
0.499191 0.35675
0.494193 0.357734
0.488136 0.365668
0.482508 0.363803
0.471395 0.371709
0.476136 0.377267
0.481343 0.38047
0.483352 0.378531
0.484095 0.376382
0.488379 0.375502
0.484297 0.378085
0.481626 0.376398
0.48425 0.37889
0.470609 0.381491
0.471084 0.380897
0.462112 0.389765
0.443698 0.394715
0.459376 0.391439
0.44839 0.387362
0.445421 0.389316
0.440393 0.387383
0.44297 0.394964
0.435356 0.397961
0.440537 0.396038
0.438681 0.39736
0.43541 0.396271
0.434534 0.395605
0.423546 0.396833
0.425455 0.397549
0.424793 0.399195
0.421985 0.404426
0.418737 0.415549
0.424075 0.423326
0.418583 0.422726
0.421109 0.428269
0.423767 0.428817
0.422594 0.428404
0.420075 0.424216
0.419651 0.429213
0.424576 0.437506
0.422048 0.446987
0.420053 0.447996
0.424693 0.457862
0.426899 0.458934
0.426579 0.462975
0.423138 0.456314
0.424615 0.463318
0.421768 0.47812
0.424467 0.47816
0.417454 0.491893
0.407926 0.496182
0.399198 0.517279
0.395233 0.530168
0.391242 0.532383
0.387577 0.541375
0.388096 0.550615
0.388679 0.553745
0.38416 0.557965
0.381671 0.569629
0.372923 0.574671
0.369135 0.581783
0.359509 0.590235
0.359168 0.595483
0.349528 0.601404
0.343004 0.610112
0.342336 0.622809
0.335629 0.630849
0.330217 0.640815
0.323439 0.646385
0.322026 0.653132
0.319869 0.652848
0.31474 0.657605
0.305919 0.667213
0.304972 0.674353
0.296589 0.683884
0.291939 0.686796
0.28646 0.687747
0.274076 0.696569
0.268235 0.697013
0.260232 0.703978
0.24901 0.707267
0.245238 0.715692
0.232066 0.721328
0.236916 0.727889
0.2303 0.737722
0.22039 0.736656
0.206072 0.746157
0.197239 0.754666
0.180686 0.766378
0.156671 0.788277
0.146629 0.794394
0.133331 0.805923
0.121033 0.814461
0.103178 0.827205
0.0894391 0.842753
0.0768044 0.852498
0.0541935 0.866518
0.0345868 0.880402
0.026397 0.890949
0.00619535 0.904845
0.0041834 0.917856
-0.00751615 0.937005
-0.0117816 0.9555
-0.0727905 0.968419
-0.0861451 0.980899
-0.0994592 0.989882
-0.118789 0.999619
-0.124651 1.00493
-0.136721 1.03309
-0.150116 1.05191
-0.160581 1.0649
-0.17002 1.08601
-0.17652 1.08989
-0.198945 1.11328
-0.20601 1.1211
-0.221475 1.13366
-0.242128 1.14258
-0.251923 1.15465
-0.287745 1.1673
-0.303836 1.17278
-0.316048 1.18903
-0.330109 1.2024
-0.343123 1.21115
-0.351136 1.2211
-0.363125 1.23241
-0.383735 1.25071
-0.395173 1.26587
-0.408784 1.28556
-0.430034 1.29144
-0.439895 1.30131
-0.45443 1.31031
-0.480304 1.32878
-0.501546 1.33333
-0.51559 1.33979
-0.525297 1.3495
-0.535627 1.35706
-0.580806 1.35996
-0.592693 1.37671
-0.607365 1.38372
-0.620001 1.3876
-0.627288 1.39734
-0.661481 1.40746
-0.67369 1.41557
-0.688329 1.42892
-0.705362 1.4424
-0.718802 1.4436
-0.736188 1.44797
-0.753626 1.44974
-0.762111 1.45378
-0.776407 1.458
-0.790332 1.46543
-0.805479 1.47585
-0.818649 1.47929
-0.828261 1.47906
-0.846777 1.48652
-0.866669 1.48563
-0.874761 1.49316
-0.893204 1.49604
-0.912915 1.49832
-0.927382 1.49989
-0.949618 1.49792
-0.96916 1.49931
-0.989175 1.5
-0.997614 1.503
-1.01855 1.50127
-1.02973 1.50504
-1.04281 1.5081
-1.06368 1.50604
-1.07388 1.51369
-1.09115 1.50638
-1.09965 1.50525
-1.10982 1.50598
-1.12358 1.50554
-1.13323 1.50618
-1.14765 1.50628
-1.16894 1.50232
-1.18273 1.50347
-1.20227 1.50523
-1.22069 1.5062
-1.22709 1.51761
-1.24322 1.50696
-1.2536 1.50912
-1.27872 1.50425
-1.29631 1.49883
-1.31205 1.49685
-1.3186 1.52161
-1.32904 1.52446
-1.3451 1.51778
-1.36891 1.50082
-1.37624 1.52573
-1.40141 1.5137
-1.41187 1.50992
-1.42064 1.50507
-1.44369 1.50396
-1.46144 1.49952
-1.48348 1.50372
-1.49017 1.50453
-1.50075 1.50107
-1.51345 1.49849
-1.52656 1.48802
-1.53399 1.48205
-1.56951 1.47889
-1.58385 1.47744
-1.60794 1.47383
-1.62628 1.46175
-1.64173 1.45761
-1.6509 1.45957
-1.66025 1.45465
-1.69853 1.44603
-1.71651 1.43707
-1.73928 1.43809
-1.75987 1.43045
-1.77642 1.42737
-1.79695 1.42312
-1.81306 1.4179
-1.82648 1.40728
-1.84816 1.39869
-1.86365 1.39486
-1.8787 1.39121
-1.89701 1.3895
-1.91478 1.38337
-1.93147 1.37671
-1.94394 1.37315
-1.96051 1.36617
-1.97541 1.36061
-1.9859 1.3513
-1.99892 1.34081
-2.00276 1.33553
-2.02101 1.32837
-2.06623 1.32628
-2.07852 1.32051
-2.09746 1.31028
-2.11612 1.3022
-2.13123 1.29756
-2.14195 1.29624
-2.15385 1.29141
-2.16532 1.28828
-2.18033 1.27859
-2.19797 1.27326
-2.207 1.26501
-2.22313 1.2603
-2.24114 1.25442
-2.25525 1.24831
-2.27195 1.24427
-2.28478 1.23529
-2.30116 1.22972
-2.31141 1.21827
-2.32035 1.20833
-2.33447 1.2013
-2.3409 1.19277
-2.35749 1.19103
-2.37371 1.18562
-2.38341 1.17555
-2.40054 1.16598
-2.40799 1.15645
-2.42448 1.14648
-2.43426 1.14473
-2.44786 1.13889
-2.45632 1.12502
-2.4829 1.11408
-2.50509 1.10106
-2.51777 1.09193
-2.56704 1.09246
-2.58601 1.08193
-2.59165 1.07183
-2.60267 1.06625
-2.61774 1.06042
-2.63523 1.05504
-2.65224 1.05207
-2.66463 1.04408
-2.67234 1.03174
-2.67287 1.00648
-2.69169 0.993933
-2.70577 0.98329
-2.7096 0.973972
-2.72071 0.959846
-2.73323 0.950893
-2.7452 0.939251
-2.75616 0.92771
-2.76763 0.921792
-2.77533 0.90916
-2.78589 0.901283
-2.7977 0.888341
-2.79826 0.875589
-2.80568 0.859732
-2.81588 0.846715
-2.81996 0.837113
-2.83116 0.831276
-2.84393 0.819072
-2.85518 0.812161
-2.86585 0.801374
-2.87244 0.791466
-2.88522 0.780361
-2.8928 0.77007
-2.89419 0.755253
-2.90675 0.74594
-2.91774 0.738799
-2.92846 0.728708
-2.93985 0.718707
-2.94546 0.709156
-2.95623 0.697311
-2.96309 0.690024
-2.96987 0.679892
-2.97997 0.671511
-2.97952 0.661609
-2.99569 0.650264
-2.99862 0.642556
-3.0012 0.627701
-3.00921 0.612499
-3.01837 0.606759
-3.07054 0.596987
-3.07344 0.589969
-3.09233 0.580873
-3.09583 0.567443
-3.10155 0.555541
-3.11947 0.512179
-3.12533 0.504737
-3.13256 0.490341
-3.1403 0.481168
-3.14357 0.471971
-3.14969 0.462432
-3.15322 0.451365
-3.15536 0.438109
-3.15946 0.433064
-3.16007 0.426274
-3.17056 0.415339
-3.17408 0.404869
-3.177 0.393807
-3.18289 0.386268
-3.1845 0.376663
-3.19787 0.366395
-3.20002 0.35262
-3.20143 0.345154
-3.20394 0.33436
-3.2099 0.324626
-3.21193 0.32162
-3.21155 0.306025
-3.21094 0.293494
-3.21427 0.285088
-3.21661 0.268953
-3.21904 0.254103
-3.22424 0.240345
-3.22324 0.222545
-3.22656 0.204245
-3.22804 0.19363
-3.2258 0.18295
-3.22465 0.170452
-3.22648 0.153748
-3.22321 0.145461
-3.22348 0.125578
-3.22567 0.108357
-3.22057 0.0983123
-3.22164 0.0842317
-3.22674 0.0757331
-3.21645 0.0682377
-3.21134 0.0576488
-3.21046 0.0467072
-3.20593 0.0417699
-3.19852 -0.0127493
-3.20017 0.0287396
-3.1989 -0.0320036
-3.20066 -0.0567667
-3.20316 -0.0601761
-3.19748 -0.0721944
-3.20019 -0.0940179
-3.20173 -0.112616
-3.19302 -0.125641
-3.19636 -0.137052
-3.18877 -0.150333
-3.1875 -0.164131
-3.18847 -0.181603
-3.18379 -0.194885
-3.18226 -0.204556
-3.18134 -0.217384
-3.1766 -0.233065
-3.17277 -0.247943
-3.17171 -0.257625
-3.16831 -0.269611
-3.16287 -0.290983
-3.15883 -0.289727
-3.15694 -0.294339
-3.15498 -0.303278
-3.14935 -0.304852
-3.14895 -0.320601
-3.13779 -0.328621
-3.13023 -0.337846
-3.12515 -0.353625
-3.11877 -0.370565
-3.11749 -0.388087
-3.10981 -0.404764
-3.10679 -0.423615
-3.10277 -0.430519
-3.10593 -0.438617
-3.10001 -0.447506
-3.09278 -0.540325
-3.09741 -0.547628
-3.09577 -0.553877
-3.08844 -0.568158
-3.091 -0.564101
-3.08358 -0.58411
-3.07543 -0.576423
-3.03534 -0.592605
-3.02661 -0.601349
-3.01682 -0.610878
-3.01064 -0.627091
-3.01099 -0.631053
-3.01312 -0.647881
-3.00864 -0.663448
-3.00117 -0.67224
-2.99637 -0.690971
-2.98194 -0.693055
-2.98314 -0.701638
-2.98655 -0.716901
-2.97776 -0.720394
-2.97301 -0.732656
-2.96368 -0.747122
-2.954 -0.749992
-2.9454 -0.75431
-2.94323 -0.764712
-2.93655 -0.770725
-2.92912 -0.788598
-2.92054 -0.795964
-2.91273 -0.803519
-2.90463 -0.823375
-2.90813 -0.825476
-2.8922 -0.841021
-2.89206 -0.851465
-2.87805 -0.860591
-2.86876 -0.861792
-2.8632 -0.876182
-2.84576 -0.887769
-2.84297 -0.891692
-2.83318 -0.898008
-2.83844 -0.908657
-2.83998 -0.907872
-2.82448 -0.923866
-2.82781 -0.924912
-2.81048 -0.947902
-2.81836 -0.9461
-2.80725 -0.963389
-2.7516 -1.06651
-2.74353 -1.08213
-2.73711 -1.08331
-2.72581 -1.10207
-2.71128 -1.11933
-2.70483 -1.12447
-2.71195 -1.12459
-2.70883 -1.1323
-2.69175 -1.14859
-2.7049 -1.14105
-2.6938 -1.14514
-2.68363 -1.15479
-2.68168 -1.15997
-2.67236 -1.16662
-2.65622 -1.18371
-2.65136 -1.19471
-2.63498 -1.20853
-2.62139 -1.21918
-2.62159 -1.2293
-2.61909 -1.23195
-2.61719 -1.22464
-2.61293 -1.22692
-2.60282 -1.23965
-2.5303 -1.25274
-2.52458 -1.25718
-2.51474 -1.26721
-2.49934 -1.26259
-2.49158 -1.27633
-2.48869 -1.29176
-2.48722 -1.29719
-2.48047 -1.30523
-2.46358 -1.30762
-2.44309 -1.32116
-2.43362 -1.3247
-2.43259 -1.33087
-2.41541 -1.33658
-2.41085 -1.33506
-2.40132 -1.3378
-2.38757 -1.3428
-2.37446 -1.34939
-2.35432 -1.36171
-2.34885 -1.37703
-2.33444 -1.38864
-2.32107 -1.3898
-2.31054 -1.39328
-2.29559 -1.39857
-2.2929 -1.40884
-2.28662 -1.41242
-2.26435 -1.42395
-2.25231 -1.41598
-2.241 -1.42914
-2.22208 -1.43276
-2.1986 -1.44161
-2.19563 -1.44253
-2.19009 -1.44542
-2.16855 -1.44611
-2.15205 -1.44925
-2.1317 -1.45808
-2.10484 -1.52927
-2.09779 -1.52373
-2.08839 -1.52336
-2.07756 -1.52582
-2.06566 -1.5267
-2.02462 -1.53338
-2.0054 -1.53913
-1.99633 -1.53814
-1.9771 -1.54183
-1.97167 -1.53707
-1.96107 -1.53403
-1.95533 -1.544
-1.94072 -1.5422
-1.92173 -1.55249
-1.91091 -1.55548
-1.89259 -1.5551
-1.87126 -1.55391
-1.85994 -1.56603
-1.84393 -1.57259
-1.82995 -1.5718
-1.81733 -1.57554
-1.80567 -1.57132
-1.78969 -1.57625
-1.76541 -1.58431
-1.74895 -1.58997
-1.73226 -1.5901
-1.72397 -1.59631
-1.70872 -1.60277
-1.69142 -1.60632
-1.67343 -1.60509
-1.66258 -1.60861
-1.63964 -1.61048
-1.62438 -1.61447
-1.61459 -1.60833
-1.60211 -1.61496
-1.59024 -1.61906
-1.57166 -1.61634
-1.55917 -1.61432
-1.54777 -1.62069
-1.53704 -1.60816
-1.50088 -1.61533
-1.48751 -1.61147
-1.47002 -1.60939
-1.45729 -1.60498
-1.43748 -1.61339
-1.406 -1.60822
-1.3929 -1.60083
-1.37133 -1.59467
-1.36014 -1.59688
-1.34726 -1.58749
-1.33842 -1.58781
-1.32659 -1.59573
-1.31119 -1.59702
-1.29879 -1.60155
-1.28392 -1.60462
-1.26753 -1.60407
-1.24851 -1.60436
-1.23409 -1.60094
-1.21101 -1.60115
-1.20143 -1.60304
-1.18011 -1.59949
-1.1482 -1.6106
-1.13063 -1.60427
-1.12351 -1.60059
-1.11662 -1.60158
-1.10925 -1.58902
-1.09401 -1.5978
-1.09136 -1.59641
-1.07629 -1.5891
-1.05661 -1.59331
-1.05286 -1.57516
-1.00139 -1.5867
-0.994748 -1.57952
-0.973949 -1.58078
-0.958032 -1.56889
-0.94397 -1.56246
-0.928467 -1.5581
-0.912908 -1.40344
-0.893895 -1.54696
-0.886427 -1.55492
-0.874061 -1.54401
-0.869541 -1.39151
-0.857092 -1.38069
-0.843597 -1.38987
-0.816308 -1.37471
-0.812309 -1.37435
-0.797768 -1.36801
-0.780624 -1.50264
-0.757935 -1.49651
-0.739515 -1.48931
-0.725988 -1.33565
-0.707208 -1.32965
-0.681047 -1.31362
-0.666458 -1.3032
-0.643928 -1.29705
-0.626763 -1.27926
-0.614067 -1.27354
-0.602254 -1.2577
-0.584998 -1.24331
-0.546715 -1.22788
-0.536592 -1.21766
-0.514635 -1.19829
-0.512521 -1.19477
-0.494622 -1.18048
-0.483944 -1.16718
-0.46613 -1.15887
-0.46023 -1.14684
-0.453972 -1.1353
-0.439402 -1.11839
-0.433357 -1.1154
-0.427409 -1.1037
-0.417512 -1.09312
-0.404561 -1.08035
-0.390636 -1.06464
-0.373889 -0.938241
-0.357281 -0.928635
-0.354707 -1.04312
-0.343096 -1.04797
-0.341439 -1.04534
-0.326511 -1.03448
-0.309544 -1.02437
-0.289531 -0.906907
-0.275871 -0.897924
-0.270405 -0.890541
-0.26843 -0.872543
-0.249701 -0.878566
-0.239185 -0.866538
-0.232041 -0.846626
-0.225737 -0.82783
-0.214067 -0.817341
-0.195588 -0.798331
-0.184093 -0.780368
-0.165879 -0.761281
-0.150617 -0.746039
-0.144363 -0.733716
-0.126777 -0.719748
-0.113436 -0.704826
-0.104674 -0.688988
-0.0938379 -0.680342
-0.0850043 -0.668014
-0.0767218 -0.655895
-0.0657843 -0.63357
-0.0361684 -0.605837
-0.0297703 -0.589046
-0.0181039 -0.570465
-0.0175462 -0.556105
-0.0196803 -0.537877
-0.00977584 -0.532224
0.0130586 -0.520972
0.0032686 -0.451929
0.00952394 -0.446376
0.0173662 -0.428601
0.0216872 -0.41939
0.0374916 -0.403337
0.0387235 -0.385627
0.0440291 -0.371276
0.0531248 -0.353883
0.0629788 -0.336973
0.0670103 -0.324271
0.0698093 -0.310671
0.0710516 -0.298749
0.0684554 -0.280529
0.072855 -0.274457
0.0792716 -0.26364
0.0878653 -0.248184
0.0901742 -0.246045
0.104356 -0.230536
0.110956 -0.224729
0.125428 -0.21045
0.144896 -0.204257
0.138017 -0.19561
0.138043 -0.17725
0.13209 -0.168936
0.139175 -0.143263
0.141024 -0.130569
0.137358 -0.106558
0.140588 -0.0847333
0.149543 -0.0675862
0.151423 -0.0519495
0.153232 -0.0375346
0.15864 -0.0218787
0.16408 -0.00928694
0.174548 -0.000136129
0.169079 0.0885944
0.183832 0.0268009
0.176952 0.107389
0.193475 0.108231
0.199223 0.12503
0.207543 0.128532
0.214048 0.139832
0.223091 0.152718
0.223859 0.166578
0.22554 0.18144
0.224894 0.198137
0.22442 0.212418
0.232227 0.232514
0.234192 0.244513
0.236691 0.259237
0.248822 0.278319
0.249126 0.295826
0.247182 0.313877
0.25198 0.331318
0.249391 0.344814
0.25415 0.364217
0.257304 0.38004
0.254384 0.396963
0.255093 0.403496
0.25562 0.421698
0.253697 0.432911
0.25555 0.45123
0.255473 0.464051
0.254889 0.477132
0.257293 0.487053
0.249976 0.496092
0.251225 0.512096
0.245064 0.535268
0.241127 0.550692
0.248176 0.568135
0.242626 0.578107
0.231896 0.590758
0.227546 0.616725
0.2253 0.630685
0.216425 0.654242
0.21902 0.659117
0.21653 0.674015
0.211734 0.680895
0.202268 0.689152
0.201749 0.700498
0.20079 0.71791
0.197566 0.726457
0.195815 0.743163
0.190773 0.753972
0.186269 0.766645
0.184329 0.778775
0.180968 0.790327
0.178721 0.799852
0.174235 0.809276
0.161517 0.834589
0.152915 0.846007
0.147859 0.859466
0.142483 0.872601
0.136997 0.885049
0.129113 0.895179
0.12329 0.901239
0.112557 0.909204
0.104757 0.921453
0.0965063 0.931815
0.0858687 0.944026
0.0817824 0.949578
0.0706437 0.95955
0.0644609 0.969602
0.0585806 0.981032
0.0419397 1.02096
0.0412681 1.02581
0.0271864 1.03743
0.0195509 1.04066
0.00851856 1.05625
0.00194472 1.06442
-0.00465177 1.07438
-0.0122179 1.07817
-0.0224787 1.08433
-0.0317697 1.0912
-0.0340122 1.10327
-0.0629142 1.11204
-0.0783962 1.13158
-0.0852801 1.13375
-0.0928652 1.14142
-0.100481 1.14817
-0.113457 1.15784
-0.119676 1.16631
-0.126982 1.17504
-0.133177 1.18055
-0.143401 1.18857
-0.158782 1.20195
-0.166427 1.21695
-0.178262 1.22587
-0.184416 1.23188
-0.195888 1.23839
-0.203786 1.24736
-0.211857 1.25777
-0.224961 1.27128
-0.235837 1.28023
-0.246241 1.28795
-0.257669 1.29681
-0.264484 1.30427
-0.271317 1.31788
-0.287289 1.32403
-0.296766 1.33172
-0.302907 1.34311
-0.310665 1.34879
-0.318226 1.356
-0.33129 1.35801
-0.34623 1.36776
-0.357308 1.379
-0.381512 1.39297
-0.391866 1.38877
-0.400096 1.39542
-0.41168 1.4032
-0.421322 1.41106
-0.426369 1.4156
-0.42774 1.41843
-0.437641 1.4283
-0.443909 1.42308
-0.456897 1.42867
-0.461299 1.43353
-0.472628 1.43229
-0.485912 1.43821
-0.501135 1.44485
-0.508917 1.44974
-0.517358 1.45945
-0.523849 1.46238
-0.528156 1.47103
-0.537474 1.47431
-0.564662 1.47695
-0.576455 1.47944
-0.586094 1.4842
-0.593938 1.48628
-0.597198 1.50094
-0.604494 1.49678
-0.613385 1.50162
-0.617916 1.50468
-0.622355 1.50631
-0.625174 1.50247
-0.626383 1.50229
-0.637326 1.50803
-0.646066 1.51233
-0.6386 1.56159
-0.634759 1.55687
-0.634639 1.55829
-0.64149 1.56146
-0.64966 1.56467
-0.653902 1.56974
-0.660236 1.57002
-0.664572 1.5777
-0.672446 1.58146
-0.678609 1.58389
-0.686055 1.59167
-0.694151 1.59114
-0.698138 1.59062
-0.693896 1.59389
-0.695185 1.59248
-0.699329 1.596
-0.709401 1.60424
-0.718253 1.603
-0.717627 1.60844
-0.723863 1.60977
-0.726369 1.61689
-0.730309 1.61924
-0.728419 1.62682
-0.724402 1.62642
-0.725672 1.62518
-0.725173 1.61868
-0.72567 1.6259
-0.716884 1.621
-0.719618 1.62781
-0.723069 1.62887
-0.714123 1.63658
-0.715132 1.62536
-0.720959 1.63066
-0.716548 1.63112
-0.719262 1.6327
-0.728307 1.63173
-0.734627 1.62976
-0.735737 1.63212
-0.736676 1.63698
-0.740768 1.63872
-0.747595 1.63268
-0.755704 1.633
-0.762458 1.63674
-0.765394 1.63349
-0.772102 1.63475
-0.772332 1.63222
-0.774959 1.63752
-0.779653 1.63673
-0.777992 1.63401
-0.782518 1.63545
-0.787527 1.64087
-0.786354 1.64677
-0.784743 1.64234
-0.788345 1.64101
-0.796196 1.64297
-0.801225 1.64676
-0.804029 1.65658
-0.81275 1.66019
-0.819166 1.66383
-0.824943 1.66109
-0.823213 1.66464
-0.828759 1.6647
-0.833474 1.6657
-0.838201 1.66095
-0.840492 1.65956
-0.839274 1.66299
-0.844145 1.6652
-0.851462 1.66776
-0.857448 1.66673
-0.861094 1.66743
-0.867412 1.66902
-0.873594 1.67349
-0.877878 1.67426
-0.885232 1.67865
-0.890285 1.67756
-0.896437 1.67787
-0.901629 1.6738
-0.906319 1.67489
-0.905365 1.67632
-0.910312 1.67838
-0.914354 1.68046
-0.919838 1.67258
-0.92395 1.67295
-0.927686 1.67091
-0.932864 1.67289
-0.93355 1.6736
-0.935897 1.67249
-0.942041 1.67276
-0.943609 1.67232
-0.950229 1.66914
-0.956639 1.66926
-0.955878 1.66758
-0.96084 1.66658
-0.963215 1.66165
-0.969221 1.66663
-0.973367 1.66818
-0.97506 1.66751
-0.978404 1.6674
-0.979747 1.67156
-0.980135 1.6725
-0.983354 1.67347
-0.981899 1.67317
-0.992032 1.67622
-0.990805 1.67353
-0.997373 1.67887
-0.998011 1.67817
-1.00749 1.6738
-1.00787 1.67192
-1.02101 1.67903
-1.02842 1.6783
-1.04055 1.69221
-1.05516 1.69329
-1.05607 1.69698
-1.05847 1.69392
-1.08536 1.69051
-1.08513 1.69208
-1.09732 1.69164
-1.10277 1.69439
-1.10631 1.68831
-1.10633 1.6943
-1.11168 1.69638
-1.11262 1.6965
-1.11164 1.7004
-1.12249 1.7056
-1.12427 1.702
-1.13008 1.70657
-1.13604 1.70651
-1.14191 1.70954
-1.1467 1.71299
-1.14963 1.71488
-1.1476 1.71577
-1.15358 1.71835
-1.15902 1.72054
-1.16936 1.71949
-1.17296 1.71873
-1.17896 1.71984
-1.18693 1.72168
-1.19231 1.72205
-1.19645 1.72093
-1.20639 1.72492
-1.21369 1.72088
-1.21787 1.71808
-1.22124 1.71824
-1.22541 1.71715
-1.23358 1.71749
-1.23527 1.71946
-1.23831 1.71741
-1.23833 1.71475
-1.24046 1.71468
-1.24493 1.72049
-1.25029 1.71686
-1.25458 1.71703
-1.25689 1.72083
-1.26143 1.71098
-1.26629 1.71091
-1.27226 1.7137
-1.28532 1.7088
-1.29153 1.71132
-1.29368 1.71356
-1.30064 1.71144
-1.30445 1.71131
-1.30458 1.70679
-1.31215 1.712
-1.31431 1.71657
-1.32417 1.72234
-1.32899 1.72344
-1.33363 1.73723
-1.33844 1.73784
-1.3424 1.72907
-1.34359 1.72762
-1.34457 1.73185
-1.35044 1.72875
-1.35655 1.72132
-1.36773 1.72684
-1.37271 1.73197
-1.37509 1.73449
-1.3793 1.73354
-1.38961 1.7411
-1.39372 1.73994
-1.39502 1.73794
-1.39828 1.73782
-1.4021 1.73394
-1.40815 1.73866
-1.41367 1.74399
-1.42223 1.73879
-1.42407 1.74013
-1.42657 1.73897
-1.43411 1.73733
-1.44142 1.74359
-1.44537 1.74332
-1.45476 1.74426
-1.45739 1.74742
-1.46686 1.75291
-1.47255 1.75828
-1.47879 1.75984
-1.48603 1.75854
-1.48806 1.75879
-1.49357 1.75674
-1.4974 1.75383
-1.52677 1.76412
-1.50819 1.74876
-1.53468 1.76113
-1.53722 1.75675
-1.53108 1.74765
-1.54043 1.74656
-1.54525 1.74268
-1.55066 1.73858
-1.55819 1.73645
-1.5876 1.75373
-1.5826 1.75007
-1.58799 1.74967
-1.60176 1.75373
-1.60643 1.75311
-1.61245 1.7585
-1.61551 1.75638
-1.62074 1.75244
-1.62712 1.75116
-1.6351 1.74793
-1.63987 1.74614
-1.64506 1.74137
-1.65045 1.73937
-1.65323 1.73817
-1.66201 1.73721
-1.66736 1.73601
-1.6816 1.73769
-1.68563 1.7368
-1.69545 1.73778
-1.69796 1.73378
-1.70261 1.73146
-1.709 1.72844
-1.71603 1.72894
-1.71793 1.72882
-1.72577 1.72506
-1.73625 1.72821
-1.74375 1.73348
-1.74744 1.73125
-1.75516 1.7293
-1.7597 1.72666
-1.76378 1.72656
-1.77122 1.72524
-1.78509 1.72368
-1.79072 1.71372
-1.79401 1.71418
-1.80332 1.71075
-1.80986 1.71104
-1.81702 1.71486
-1.82116 1.71648
-1.82504 1.71248
-1.82962 1.71297
-1.8315 1.71101
-1.83512 1.7098
-1.8387 1.7087
-1.84501 1.7062
-1.84508 1.70916
-1.84979 1.70755
-1.85284 1.70744
-1.85987 1.7035
-1.86478 1.70391
-1.87122 1.71068
-1.8687 1.71309
-1.88169 1.71479
-1.88521 1.70047
-1.8972 1.70289
-1.89497 1.70533
-1.90117 1.70292
-1.90243 1.69655
-1.90758 1.69269
-1.91358 1.69033
-1.91797 1.69801
-1.92582 1.69534
-1.93725 1.69271
-1.94557 1.68485
-1.94978 1.68729
-1.95144 1.68276
-1.95386 1.67217
-1.95825 1.669
-1.96469 1.66798
-1.96933 1.66529
-1.96776 1.66537
-1.97282 1.66345
-1.9771 1.65878
-1.9878 1.65749
-1.99664 1.65932
-2.00585 1.66249
-2.01028 1.66337
-2.02114 1.65978
-2.02368 1.65214
-2.0388 1.65223
-2.03076 1.64788
-2.03521 1.64478
-2.04181 1.63941
-2.04832 1.64321
-2.05061 1.63943
-2.07565 1.63755
-2.07807 1.63633
-2.08443 1.63016
-2.09284 1.63809
-2.09744 1.63699
-2.10158 1.63114
-2.11004 1.63959
-2.11329 1.6403
-2.1207 1.63931
-2.12851 1.63864
-2.13154 1.63284
-2.13792 1.62872
-2.15061 1.62888
-2.14863 1.62864
-2.15729 1.62522
-2.16725 1.6221
-2.16945 1.62362
-2.16867 1.62267
-2.17292 1.62178
-2.17821 1.62123
-2.18169 1.61824
-2.18719 1.61392
-2.19119 1.60838
-2.19533 1.5997
-2.19798 1.59924
-2.20308 1.59914
-2.2097 1.59728
-2.21169 1.5935
-2.2185 1.59471
-2.22332 1.58854
-2.22646 1.58659
-2.23909 1.59106
-2.24824 1.59666
-2.25387 1.59341
-2.25688 1.59081
-2.25957 1.58783
-2.26112 1.58454
-2.26855 1.58459
-2.26834 1.58151
-2.27246 1.57661
-2.27475 1.57851
-2.27609 1.57168
-2.27729 1.57165
-2.27948 1.57137
-2.2887 1.56296
-2.29342 1.56356
-2.29584 1.56094
-2.30039 1.55824
-2.30495 1.55641
-2.31002 1.55339
-2.31465 1.5541
-2.32381 1.54862
-2.32573 1.54992
-2.32873 1.54344
-2.33696 1.54306
-2.34176 1.53899
-2.34603 1.53738
-2.34924 1.53759
-2.35267 1.53517
-2.35172 1.52956
-2.36984 1.49338
-2.37495 1.48715
-2.3793 1.4875
-2.38141 1.48445
-2.38984 1.48202
-2.39673 1.47903
-2.40383 1.47852
-2.41085 1.47958
-2.41435 1.47885
-2.41644 1.4754
-2.42027 1.47068
-2.43004 1.46372
-2.43997 1.46317
-2.44389 1.46312
-2.45145 1.45798
-2.45489 1.44849
-2.46124 1.44308
-2.46388 1.4377
-2.47009 1.43236
-2.47222 1.42907
-2.4786 1.42815
-2.48737 1.42388
-2.49459 1.41968
-2.49809 1.41755
-2.50753 1.41254
-2.51365 1.40687
-2.52246 1.39833
-2.52522 1.39888
-2.5358 1.38795
-2.53362 1.38393
-2.53475 1.38243
-2.54094 1.3697
-2.54431 1.36799
-2.55741 1.35566
-2.57652 1.34362
-2.58257 1.33845
-2.58902 1.33609
-2.59627 1.32873
-2.59804 1.3196
-2.60896 1.31093
-2.61316 1.30706
-2.62318 1.29639
-2.6454 1.28494
-2.64958 1.28104
-2.64859 1.27344
-2.65093 1.26211
-2.66853 1.25054
-2.67393 1.24512
-2.68624 1.22705
-2.68977 1.21976
-2.70604 1.20692
-2.71354 1.18414
-2.71462 1.1744
-2.72363 1.165
-2.7309 1.15423
-2.74014 1.14031
-2.74748 1.1317
-2.75122 1.12249
-2.76628 1.11035
-2.77478 1.10549
-2.77926 1.09194
-2.79192 1.07874
-2.79874 1.01831
-2.80883 1.01434
-2.8168 1.05329
-2.82338 0.990731
-2.83173 0.977895
-2.84659 0.966543
-2.85441 0.95932
-2.86565 0.944614
-2.87537 0.940135
-2.87964 0.925809
-2.88236 0.917614
-2.88831 0.907942
-2.89263 0.899506
-2.8959 0.893858
-2.89869 0.876865
-2.90495 0.866492
-2.91923 0.856302
-2.92872 0.845561
-2.93506 0.831848
-2.93498 0.81536
-2.94294 0.806098
-2.94578 0.796752
-2.95154 0.785837
-2.95866 0.769276
-2.96213 0.761699
-2.97794 0.743256
-2.98955 0.730922
-2.99641 0.71884
-2.99905 0.699919
-2.99905 0.692068
-3.01118 0.671196
-3.01782 0.657642
-3.02576 0.646962
-3.02991 0.637352
-3.031 0.623198
-3.03664 0.617602
-3.06244 0.603048
-3.0745 0.577808
-3.08836 0.574385
-3.09422 0.565201
-3.1027 0.557039
-3.10768 0.543767
-3.1116 0.543206
-3.10476 0.49164
-3.11206 0.488357
-3.10972 0.484364
-3.11512 0.464693
-3.11343 0.452685
-3.12375 0.442269
-3.13011 0.431946
-3.13713 0.430183
-3.13686 0.414857
-3.14192 0.407278
-3.1449 0.393421
-3.15177 0.377143
-3.15583 0.360058
-3.16372 0.348241
-3.16112 0.335444
-3.16234 0.31969
-3.16426 0.306717
-3.16512 0.294961
-3.16539 0.284564
-3.16663 0.267969
-3.16458 0.256605
-3.16691 0.248057
-3.1742 0.239862
-3.17719 0.221977
-3.18111 0.198235
-3.19211 0.18127
-3.19211 0.171954
-3.20028 0.163798
-3.19936 0.148076
-3.19521 0.131141
-3.19767 0.116799
-3.19825 0.0966066
-3.20277 0.0935447
-3.21113 0.0793627
-3.21102 0.0683724
-3.21256 0.0583567
-3.21769 0.0417285
-3.22318 0.032227
-3.21796 -0.00985966
-3.21316 -0.0194825
-3.21212 -0.0336033
-3.21182 -0.0441728
-3.20711 -0.0541808
-3.2032 -0.0733726
-3.20022 -0.090104
-3.19808 -0.102113
-3.1939 -0.113812
-3.18889 -0.121792
-3.18596 -0.135358
-3.1795 -0.150671
-3.17851 -0.163931
-3.173 -0.18239
-3.17897 -0.190564
-3.17386 -0.200657
-3.17929 -0.215297
-3.17542 -0.223128
-3.16871 -0.250093
-3.16669 -0.265162
-3.15939 -0.273068
-3.16634 -0.293128
-3.16007 -0.30987
-3.15965 -0.326669
-3.15619 -0.335429
-3.15368 -0.343221
-3.15477 -0.34743
-3.15089 -0.359558
-3.15264 -0.381875
-3.1485 -0.392738
-3.14372 -0.40729
-3.13547 -0.420979
-3.13155 -0.429529
-3.12535 -0.441212
-3.11676 -0.505834
-3.1179 -0.521828
-3.11485 -0.520177
-3.12086 -0.540689
-3.11025 -0.54676
-3.10302 -0.554803
-3.08972 -0.574167
-3.08321 -0.598028
-3.07091 -0.611101
-3.0628 -0.615593
-3.06177 -0.633373
-3.0395 -0.64631
-3.0333 -0.647548
-3.02849 -0.660713
-3.02249 -0.669266
-3.01748 -0.677442
-3.01007 -0.687345
-2.99889 -0.699837
-2.9888 -0.712061
-2.98485 -0.728039
-2.97484 -0.74014
-2.97278 -0.760287
-2.9685 -0.767622
-2.95746 -0.777761
-2.95701 -0.800656
-2.95229 -0.813093
-2.94795 -0.820256
-2.94223 -0.824966
-2.93881 -0.829617
-2.93417 -0.839076
-2.9298 -0.845193
-2.92374 -0.853239
-2.91585 -0.86213
-2.91692 -0.880228
-2.91616 -0.899504
-2.91352 -0.906456
-2.90359 -0.913016
-2.89542 -0.919018
-2.88521 -0.930531
-2.87978 -0.940938
-2.87756 -0.942435
-2.8748 -0.940794
-2.85732 -0.952508
-2.84733 -0.963544
-2.84572 -1.03928
-2.85166 -0.964734
-2.83285 -1.04559
-2.84324 -0.965588
-2.82512 -0.966791
-2.81351 -1.0691
-2.80154 -1.07082
-2.78984 -1.07846
-2.79371 -1.06973
-2.79338 -1.07079
-2.78919 -1.07326
-2.78792 -1.07755
-2.78094 -1.07483
-2.75861 -1.09385
-2.76346 -1.10348
-2.75094 -1.10787
-2.74614 -1.11545
-2.74341 -1.11719
-2.73341 -1.10976
-2.72673 -1.12118
-2.71669 -1.1318
-2.7321 -1.12976
-2.72378 -1.1338
-2.71237 -1.13295
-2.70575 -1.14485
-2.7005 -1.14662
-2.6982 -1.15288
-2.68911 -1.16084
-2.67881 -1.15811
-2.66323 -1.17285
-2.65147 -1.18636
-2.63506 -1.18988
-2.63136 -1.20591
-2.62249 -1.21116
-2.60966 -1.21709
-2.6009 -1.2273
-2.58894 -1.23865
-2.58055 -1.23823
-2.50804 -1.25644
-2.49706 -1.26463
-2.49079 -1.26565
-2.48156 -1.28155
-2.47202 -1.28804
-2.46327 -1.28699
-2.45139 -1.29175
-2.43708 -1.31503
-2.43211 -1.32045
-2.42113 -1.33855
-2.41148 -1.34139
-2.40447 -1.34197
-2.39393 -1.34562
-2.37819 -1.36162
