0.746991 0.0110493
0.741209 0.00851618
0.731067 0.0303176
0.714746 0.0405321
0.704592 0.0420248
0.689708 0.0407588
0.680513 0.0537423
0.668453 0.0611994
0.662569 0.0579639
0.656216 0.0516792
0.652963 0.0616637
0.647584 0.0632208
0.644892 0.0666405
0.643121 0.0682291
0.639308 0.0697761
0.628884 0.0783284
0.629746 0.0806563
0.633508 0.0789871
0.633737 0.0850311
0.631091 0.0910023
0.626334 0.0951806
0.622777 0.0953165
0.619383 0.101207
0.618259 0.105472
0.614892 0.115053
0.603325 0.115938
0.600073 0.115862
0.597819 0.119181
0.602238 0.133032
0.595862 0.133313
0.596571 0.135913
0.59649 0.139969
0.597619 0.141234
0.600002 0.14711
0.598885 0.149265
0.60077 0.151087
0.604909 0.162192
0.602623 0.160645
0.60007 0.168082
0.595873 0.172609
0.595689 0.17891
0.59152 0.181091
0.585387 0.186473
0.593758 0.194333
0.602604 0.208941
0.600363 0.2114
0.607636 0.217142
0.606349 0.231932
0.602108 0.233386
0.595962 0.235057
0.596937 0.245273
0.596202 0.251901
0.593676 0.24988
0.591957 0.25424
0.593347 0.262298
0.590985 0.260157
0.594257 0.262813
0.591473 0.262091
0.599512 0.259168
0.599033 0.262591
0.58957 0.262123
0.586322 0.269062
0.585198 0.269751
0.585084 0.271518
0.580708 0.279368
0.578082 0.288598
0.574105 0.286197
0.574241 0.28629
0.565486 0.285008
0.564946 0.287465
0.563152 0.291101
0.553232 0.297897
0.552695 0.297744
0.552624 0.296647
0.547799 0.296147
0.543105 0.304397
0.537746 0.315672
0.534118 0.321465
0.527308 0.322113
0.521478 0.324885
0.520316 0.324033
0.511961 0.322081
0.509917 0.325543
0.508752 0.330158
0.513524 0.336167
0.514254 0.338749
0.503538 0.34221
0.503807 0.339698
0.504191 0.335992
0.509241 0.33483
0.509859 0.331958
0.511088 0.336933
0.508938 0.342175
0.510342 0.339799
0.508074 0.345168
0.507713 0.346995
0.508908 0.345584
0.507544 0.347623
0.506373 0.350779
0.507145 0.35786
0.507257 0.357957
0.507228 0.357136
0.505269 0.371092
0.510038 0.373992
0.504715 0.371178
0.501791 0.370597
0.500095 0.373334
0.496647 0.382684
0.501161 0.385707
0.504791 0.392364
0.50142 0.39267
0.500039 0.391668
0.497479 0.396302
0.496248 0.392645
0.496625 0.388507
0.490851 0.392383
0.488548 0.390082
0.490376 0.386067
0.4879 0.386019
0.496574 0.385792
0.487363 0.386739
0.486556 0.37839
0.480457 0.384734
0.482426 0.383974
0.47521 0.385305
0.481278 0.386469
0.480732 0.388899
0.47026 0.39617
0.470336 0.396038
0.463789 0.400368
0.462299 0.398326
0.461035 0.397268
0.458711 0.405672
0.463607 0.404315
0.461591 0.408722
0.462692 0.413843
0.464151 0.412108
0.467151 0.405125
0.464035 0.421136
0.460762 0.428374
0.459293 0.438403
0.461509 0.444704
0.454679 0.452672
0.452941 0.452432
0.456766 0.452975
0.459243 0.45114
0.429832 0.458323
0.427708 0.453636
0.426887 0.455384
0.458789 0.464357
0.456759 0.467053
0.459875 0.475907
0.427117 0.477165
0.429229 0.483034
0.430258 0.483666
0.429069 0.486556
0.429797 0.488161
0.450937 0.484347
0.433314 0.495532
0.432699 0.500731
0.427083 0.503262
0.430179 0.501001
0.428965 0.503829
0.43517 0.508332
0.428259 0.509167
0.429678 0.511559
0.433008 0.508233
0.426726 0.543366
0.426398 0.557515
0.421054 0.562302
0.417371 0.55811
0.419933 0.551881
0.416566 0.571135
0.415628 0.570373
0.416272 0.56343
0.417616 0.577262
0.414528 0.579733
0.417132 0.586517
0.417463 0.590798
0.413009 0.596276
0.406454 0.606532
0.396631 0.610711
0.400748 0.613795
0.395099 0.617504
0.390876 0.622303
0.3905 0.624923
0.377782 0.63364
0.373153 0.650153
0.368924 0.661095
0.362453 0.667747
0.351266 0.674174
0.345986 0.682455
0.341923 0.688505
0.338946 0.700512
0.333557 0.720608
0.321241 0.739942
0.316453 0.751531
0.301236 0.767546
0.286465 0.774846
0.278777 0.790447
0.273356 0.809131
0.266865 0.825564
0.264 0.828783
0.261236 0.840555
0.254545 0.85247
0.246802 0.864973
0.2401 0.875729
0.237492 0.885604
0.230137 0.897797
0.21346 0.912852
0.201862 0.929592
0.182451 0.952979
0.173955 0.967142
0.157164 0.981229
0.143738 0.99263
0.128968 1.00081
0.106374 1.0174
0.0974608 1.03953
0.0733227 1.05153
0.0669053 1.0625
0.0542592 1.07013
0.0402372 1.07685
0.0304597 1.08788
0.016028 1.0949
0.00124204 1.09975
-0.0034704 1.11084
-0.00650151 1.12024
-0.0262577 1.13646
-0.0700549 1.141
-0.077378 1.14094
-0.085329 1.15072
-0.092988 1.159
-0.107195 1.16399
-0.114719 1.1753
-0.139633 1.19693
-0.152533 1.20294
-0.162888 1.20704
-0.175583 1.20976
-0.190414 1.21382
-0.217524 1.23144
-0.228454 1.23643
-0.249611 1.24568
-0.27062 1.25749
-0.294793 1.26673
-0.312023 1.27562
-0.32296 1.28235
-0.340925 1.2921
-0.356162 1.29498
-0.374182 1.32061
-0.392723 1.32842
-0.410731 1.32641
-0.422456 1.3349
-0.44117 1.34785
-0.462786 1.36549
-0.481015 1.37269
-0.498277 1.37395
-0.509451 1.38044
-0.52722 1.38024
-0.538923 1.39296
-0.550072 1.3978
-0.587373 1.40207
-0.604671 1.41101
-0.621171 1.41678
-0.639701 1.4223
-0.676997 1.43526
-0.693005 1.43859
-0.709348 1.44135
-0.72457 1.44071
-0.736203 1.44453
-0.752542 1.44975
-0.764477 1.45862
-0.786751 1.50869
-0.798727 1.46234
-0.818025 1.46544
-0.835054 1.47059
-0.854858 1.47399
-0.875659 1.47961
-0.890775 1.49155
-0.904577 1.49791
-0.935588 1.50028
-0.954856 1.4948
-0.993917 1.49902
-1.00052 1.49994
-1.01516 1.53932
-1.0234 1.50689
-1.03729 1.53504
-1.06655 1.53427
-1.08264 1.53973
-1.09083 1.54374
-1.11206 1.54367
-1.12103 1.54444
-1.1276 1.54305
-1.14344 1.54678
-1.15302 1.55
-1.16649 1.54697
-1.18187 1.54316
-1.20181 1.5424
-1.21629 1.55039
-1.22875 1.54532
-1.24436 1.54566
-1.27834 1.5516
-1.29207 1.54904
-1.30862 1.54626
-1.31781 1.54755
-1.33311 1.55132
-1.34256 1.54901
-1.35827 1.54391
-1.36881 1.54561
-1.37888 1.5405
-1.39931 1.53466
-1.41862 1.50498
-1.43183 1.501
-1.43458 1.50315
-1.44399 1.50034
-1.46178 1.49479
-1.4702 1.49447
-1.48191 1.49081
-1.48963 1.48727
-1.50473 1.48766
-1.51738 1.48625
-1.53443 1.48887
-1.54561 1.48084
-1.5839 1.4792
-1.59599 1.48196
-1.60802 1.4796
-1.62266 1.47973
-1.63777 1.48609
-1.65004 1.4797
-1.66444 1.47958
-1.67735 1.4737
-1.68988 1.47337
-1.70856 1.47443
-1.72943 1.47733
-1.74996 1.51086
-1.76476 1.50228
-1.78019 1.49219
-1.79711 1.45832
-1.81815 1.45099
-1.82748 1.45115
-1.83999 1.45129
-1.85518 1.44616
-1.87145 1.43949
-1.8887 1.44
-1.90761 1.43479
-1.9245 1.42824
-1.94434 1.42769
-1.95944 1.42014
-1.9722 1.4108
-1.97778 1.4043
-1.99025 1.3979
-2.00242 1.39073
-2.0206 1.39159
-2.07222 1.38135
-2.08601 1.37592
-2.09762 1.36627
-2.11154 1.36213
-2.12694 1.35196
-2.1428 1.34527
-2.15846 1.34015
-2.17948 1.32046
-2.19345 1.31823
-2.20976 1.31389
-2.22082 1.31081
-2.23601 1.30033
-2.24888 1.29574
-2.26677 1.29015
-2.28993 1.28402
-2.30367 1.27514
-2.3159 1.26715
-2.32813 1.259
-2.3422 1.25341
-2.35987 1.2451
-2.37062 1.24064
-2.37823 1.23372
-2.39015 1.22542
-2.40351 1.21653
-2.41312 1.2086
-2.42807 1.20224
-2.45739 1.17718
-2.46998 1.16227
-2.48445 1.15988
-2.49725 1.14676
-2.50666 1.13862
-2.51929 1.14013
-2.53194 1.13338
-2.54227 1.12751
-2.56796 1.11486
-2.58186 1.10835
-2.58912 1.10256
-2.60248 1.09571
-2.61186 1.09176
-2.61721 1.08646
-2.62962 1.07821
-2.64348 1.06347
-2.66027 1.04772
-2.6714 1.03481
-2.67762 0.988962
-2.68618 0.97799
-2.70088 0.96682
-2.70282 0.957451
-2.71031 0.946311
-2.71978 0.939764
-2.7318 0.934106
-2.74355 0.922336
-2.74921 0.910879
-2.76297 0.894615
-2.77553 0.874289
-2.79291 0.86402
-2.80476 0.850382
-2.81145 0.841801
-2.82035 0.833912
-2.82567 0.823534
-2.83665 0.808572
-2.84345 0.806853
-2.85362 0.792149
-2.86737 0.776185
-2.87767 0.767559
-2.88006 0.754954
-2.89148 0.746549
-2.90015 0.7338
-2.91107 0.720937
-2.91758 0.710053
-2.92872 0.6981
-2.93453 0.680297
-2.94457 0.676499
-2.95345 0.667848
-2.95258 0.655558
-2.96479 0.659297
-2.97312 0.653406
-2.98116 0.640003
-2.99176 0.629381
-3.00222 0.624172
-3.00994 0.614173
-3.01189 0.597478
-3.01156 0.587262
-3.02261 0.575522
-3.02899 0.562201
-3.02355 0.550908
-3.04853 0.557126
-3.06778 0.503404
-3.0707 0.497573
-3.04407 0.485284
-3.07828 0.486078
-3.08683 0.483255
-3.08844 0.46921
-3.09317 0.459091
-3.09493 0.44668
-3.11117 0.438408
-3.1153 0.417528
-3.11216 0.404989
-3.12549 0.402841
-3.13267 0.393414
-3.13066 0.384357
-3.14077 0.373568
-3.14177 0.355449
-3.14708 0.341428
-3.14769 0.330603
-3.14786 0.313785
-3.14706 0.304861
-3.15157 0.287463
-3.16096 0.272167
-3.15828 0.260906
-3.16353 0.242579
-3.15932 0.225125
-3.17083 0.21157
-3.17097 0.194197
-3.17334 0.175025
-3.17523 0.161482
-3.17789 0.150736
-3.17585 0.141978
-3.17743 0.134301
-3.17909 0.120058
-3.17625 0.113354
-3.16969 0.0980662
-3.17858 0.0790323
-3.17619 0.0617612
-3.17777 0.0529226
-3.183 0.0515181
-3.18357 0.0363913
-3.19434 -0.0207416
-3.2025 -0.0385339
-3.19424 -0.0420801
-3.19379 -0.0544491
-3.19794 -0.06613
-3.2011 -0.0872327
-3.19233 -0.101523
-3.19154 -0.114332
-3.19132 -0.12832
-3.18754 -0.139414
-3.18482 -0.152537
-3.1822 -0.158398
-3.17866 -0.176571
-3.17405 -0.186901
-3.17109 -0.20007
-3.1688 -0.214258
-3.17143 -0.223465
-3.16468 -0.242391
-3.15874 -0.261172
-3.16362 -0.277108
-3.15719 -0.290231
-3.15685 -0.308839
-3.15864 -0.332706
-3.16091 -0.348906
-3.14983 -0.362359
-3.15071 -0.371669
-3.15654 -0.382972
-3.14946 -0.395742
-3.1516 -0.404346
-3.14935 -0.421619
-3.14872 -0.433584
-3.1448 -0.439215
-3.14899 -0.452646
-3.14362 -0.46484
-3.13691 -0.49634
-3.13368 -0.51254
-3.13072 -0.528932
-3.11961 -0.536905
-3.1147 -0.551634
-3.11255 -0.565412
-3.11346 -0.577989
-3.09819 -0.588462
-3.09873 -0.599484
-3.09164 -0.60629
-3.04047 -0.626452
-3.03179 -0.630242
-3.0243 -0.645957
-3.03398 -0.649512
-3.032 -0.665457
-3.0314 -0.673794
-3.07385 -0.680763
-3.0621 -0.689724
-3.01802 -0.698884
-3.01147 -0.712375
-3.00025 -0.730517
-2.99532 -0.751871
-2.99239 -0.757907
-2.98694 -0.770323
-2.98608 -0.784323
-2.97751 -0.79259
-2.96644 -0.805767
-2.95015 -0.817538
-2.94574 -0.823533
-2.93372 -0.837108
-2.92361 -0.856776
-2.91453 -0.867018
-2.90953 -0.883851
-2.90047 -0.89286
-2.89497 -0.900132
-2.89174 -0.90424
-2.8752 -0.900969
-2.87442 -0.893959
-2.85383 -0.894269
-2.85413 -0.914168
-2.82827 -0.92265
-2.81278 -0.931511
-2.81155 -0.933118
-2.79181 -1.04949
-2.7802 -1.06652
-2.7723 -1.07625
-2.76672 -1.08776
-2.75821 -1.09962
-2.76083 -1.09152
-2.76565 -1.10447
-2.76002 -1.11318
-2.74832 -1.12379
-2.74311 -1.13279
-2.72853 -1.14084
-2.72291 -1.15072
-2.72406 -1.15795
-2.71507 -1.15776
-2.70085 -1.16501
-2.69501 -1.18619
-2.673 -1.18875
-2.66663 -1.18969
-2.6645 -1.21146
-2.65044 -1.22465
-2.63391 -1.22739
-2.54607 -1.23922
-2.61651 -1.26922
-2.6102 -1.29201
-2.60644 -1.31064
-2.60281 -1.31119
-2.601 -1.33458
-2.59625 -1.33211
-2.59664 -1.32545
-2.59105 -1.33315
-2.57777 -1.34941
-2.57754 -1.35052
-2.57489 -1.36575
-2.56529 -1.3682
-2.55483 -1.37152
-2.46798 -1.39232
-2.45701 -1.40318
-2.45025 -1.39602
-2.43778 -1.40459
-2.41937 -1.41309
-2.40255 -1.41288
-2.38747 -1.4248
-2.37217 -1.42431
-2.36021 -1.42955
-2.35556 -1.44376
-2.34219 -1.43939
-2.32681 -1.44309
-2.31814 -1.43674
-2.28633 -1.50428
-2.27151 -1.51255
-2.27159 -1.52025
-2.25503 -1.53127
-2.23851 -1.53564
-2.23089 -1.53618
-2.21816 -1.54115
-2.20707 -1.54529
-2.18453 -1.55894
-2.16976 -1.5556
-2.16248 -1.55741
-2.15057 -1.56046
-2.14429 -1.57046
-2.13171 -1.57256
-2.12111 -1.57458
-2.09975 -1.58212
-2.09216 -1.58218
-2.07644 -1.58066
-2.02288 -1.60068
-2.00772 -1.6022
-1.99208 -1.6131
-1.97724 -1.61353
-1.96687 -1.61385
-1.95171 -1.61343
-1.94445 -1.61164
-1.93291 -1.60686
-1.91734 -1.60634
-1.90357 -1.60603
-1.89226 -1.61132
-1.88061 -1.60513
-1.86708 -1.60947
-1.85157 -1.61174
-1.83538 -1.60901
-1.81661 -1.60931
-1.80406 -1.60834
-1.78609 -1.60547
-1.77411 -1.60684
-1.76077 -1.60687
-1.74275 -1.60764
-1.73012 -1.61176
-1.72408 -1.60684
-1.70967 -1.60213
-1.69403 -1.6066
-1.68583 -1.60076
-1.67441 -1.59329
-1.65126 -1.59822
-1.64378 -1.59893
-1.62888 -1.60174
-1.61757 -1.60183
-1.60177 -1.60903
-1.56497 -1.60864
-1.52373 -1.61562
-1.51342 -1.61002
-1.50116 -1.61164
-1.4894 -1.6037
-1.47818 -1.59795
-1.46873 -1.59164
-1.4541 -1.58893
-1.44041 -1.58093
-1.42858 -1.57506
-1.41472 -1.57696
-1.40084 -1.57144
-1.38835 -1.57292
-1.37415 -1.57938
-1.3424 -1.567
-1.33738 -1.56636
-1.32056 -1.56923
-1.30757 -1.56871
-1.28872 -1.5518
-1.26936 -1.55627
-1.25288 -1.5523
-1.2373 -1.55162
-1.22981 -1.54181
-1.19678 -1.54688
-1.18409 -1.54351
-1.17309 -1.53818
-1.15284 -1.53311
-1.1325 -1.52674
-1.11471 -1.5215
-1.07891 -1.51675
-1.01686 -1.52084
-1.00078 -1.51848
-0.989541 -1.51797
-0.982404 -1.5238
-0.97608 -1.51006
-0.955106 -1.51102
-0.936973 -1.49809
-0.925349 -1.50464
-0.910841 -1.49962
-0.897582 -1.49791
-0.877057 -1.49987
-0.870469 -1.42151
-0.854246 -1.42084
-0.84082 -1.40894
-0.807485 -1.40622
-0.782547 -1.39427
-0.765073 -1.38305
-0.752541 -1.37214
-0.743915 -1.36373
-0.722929 -1.35383
-0.70401 -1.34767
-0.684178 -1.33666
-0.674129 -1.33146
-0.655495 -1.31993
-0.634441 -1.31165
-0.616745 -1.30888
-0.610543 -1.30012
-0.593598 -1.28746
-0.579376 -1.2825
-0.565779 -1.27342
-0.495307 -1.27001
-0.491128 -1.25898
-0.468103 -1.24184
-0.45434 -1.23203
-0.4403 -1.22495
-0.428119 -1.21303
-0.40885 -1.20192
-0.395151 -1.18971
-0.383432 -1.18079
-0.378229 -1.17343
-0.362912 -1.16368
-0.348061 -1.15893
-0.340011 -1.15205
-0.327694 -1.14541
-0.317642 -1.13139
-0.308172 -1.11727
-0.298265 -1.0993
-0.292813 -1.09426
-0.277891 -1.08683
-0.258753 -1.07467
-0.2525 -1.07117
-0.239514 -1.05639
-0.224799 -1.04515
-0.213155 -1.03155
-0.196682 -1.01599
-0.183977 -1.01072
-0.182162 -1.00804
-0.178383 -0.95692
-0.165879 -0.950605
-0.156226 -0.945625
-0.156422 -0.923025
-0.139983 -0.921324
-0.126464 -0.911903
-0.115046 -0.888311
-0.110515 -0.872446
-0.0947222 -0.868134
-0.0203639 -0.855792
-0.00638504 -0.840876
-0.00421207 -0.82908
0.00715393 -0.818608
0.0185127 -0.803005
0.0315765 -0.783001
0.0452477 -0.776155
0.0506746 -0.763596
0.0567447 -0.749901
0.0742243 -0.728052
0.0770112 -0.720641
0.0860048 -0.705021
0.0967411 -0.688058
0.103598 -0.683741
0.107312 -0.670936
0.109824 -0.668683
0.121762 -0.653932
0.128451 -0.632274
0.135135 -0.616207
0.15082 -0.604328
0.149522 -0.587092
0.155266 -0.577678
0.157258 -0.556218
0.164985 -0.551174
0.167424 -0.531341
0.177733 -0.513839
0.178427 -0.458638
0.201139 -0.488006
0.207253 -0.437358
0.211759 -0.424765
0.21756 -0.396682
0.216574 -0.384438
0.219655 -0.36626
0.221945 -0.351194
0.225988 -0.338013
0.227689 -0.326857
0.233642 -0.313455
0.238519 -0.298248
0.247703 -0.283538
0.252188 -0.265804
0.262489 -0.248806
0.259056 -0.235469
0.262517 -0.20855
0.266501 -0.187564
0.276531 -0.1793
0.279888 -0.161093
0.282857 -0.132235
0.279166 -0.126384
0.283108 -0.107788
0.279383 -0.0943161
0.270986 -0.0828109
0.281312 -0.0641961
0.294213 -0.0471893
0.290826 -0.0294855
0.290414 -0.0177763
0.290583 -0.00648586
0.291265 0.0500314
0.292663 0.0709652
0.30101 0.0802495
0.303026 0.0925703
0.298364 0.104637
0.305195 0.127028
0.311606 0.14244
0.319224 0.161828
0.322287 0.172279
0.321004 0.185683
0.323533 0.202536
0.341197 0.222065
0.337925 0.244274
0.32774 0.257145
0.332024 0.274563
0.335434 0.288932
0.343279 0.307544
0.354115 0.335025
0.346227 0.346595
0.344882 0.359226
0.344349 0.36888
0.351426 0.388262
0.341861 0.410307
0.347006 0.423111
0.344605 0.43018
0.338699 0.457595
0.337117 0.465577
0.326883 0.483074
0.323312 0.534252
0.316374 0.547324
0.308571 0.559365
0.300504 0.57384
0.284829 0.595865
0.282521 0.604731
0.281497 0.620902
0.270726 0.631937
0.2663 0.643155
0.265511 0.662367
0.258768 0.678314
0.264614 0.685642
0.260338 0.704
0.251724 0.716151
0.250972 0.72128
0.244682 0.72856
0.233767 0.747734
0.220024 0.765323
0.216104 0.777707
0.1986 0.809518
0.194998 0.821057
0.189413 0.829158
0.183983 0.85311
0.176837 0.874333
0.165954 0.892613
0.156042 0.906939
0.146855 0.918104
0.133449 0.926674
0.124739 0.940833
0.11641 0.955626
0.105354 0.967938
0.0890776 1.02426
0.078727 1.03561
0.0726641 1.05002
0.0622794 1.05851
0.0533711 1.06645
0.0443824 1.07564
0.0324042 1.08572
0.020395 1.09619
0.0156513 1.10803
-0.0047532 1.11878
-0.018451 1.1295
-0.0553923 1.14456
-0.0589326 1.15344
-0.0647812 1.16269
-0.0698614 1.17146
-0.0779027 1.18155
-0.0875159 1.18939
-0.0975771 1.1992
-0.108588 1.20938
-0.119859 1.2232
-0.128887 1.23286
-0.135909 1.24026
-0.140502 1.24852
-0.162343 1.26937
-0.169305 1.27487
-0.180904 1.28502
-0.190536 1.2903
-0.197515 1.29862
-0.211274 1.30664
-0.222889 1.31292
-0.236276 1.32118
-0.24443 1.32645
-0.258246 1.33167
-0.269695 1.33978
-0.282965 1.34506
-0.291031 1.35224
-0.301285 1.35866
-0.31127 1.37016
-0.322886 1.37815
-0.334977 1.38503
-0.339711 1.39518
-0.344763 1.39982
-0.35328 1.40677
-0.364683 1.41229
-0.378764 1.41506
-0.390056 1.42091
-0.391201 1.42694
-0.397882 1.43171
-0.411441 1.44318
-0.412681 1.45025
-0.427117 1.45957
-0.446999 1.46988
-0.457686 1.47612
-0.464494 1.48548
-0.476811 1.49285
-0.488843 1.49982
-0.494249 1.50442
-0.493142 1.51592
-0.503479 1.52879
-0.501647 1.53342
-0.511505 1.54293
-0.522002 1.5473
-0.528245 1.5511
-0.54024 1.55778
-0.566191 1.56292
-0.575927 1.57108
-0.579613 1.57996
-0.576723 1.58583
-0.545815 1.58191
-0.573185 1.58475
-0.571775 1.58017
-0.572578 1.58577
-0.578534 1.59446
-0.57539 1.59519
-0.582358 1.59765
-0.580396 1.60211
-0.58823 1.60245
-0.593829 1.605
-0.600541 1.61421
-0.610443 1.6154
-0.611968 1.61474
-0.615248 1.61743
-0.617551 1.61513
-0.624215 1.61918
-0.628561 1.62107
-0.62689 1.62258
-0.629045 1.62218
-0.633726 1.62544
-0.637782 1.62876
-0.642538 1.62699
-0.648094 1.63064
-0.654563 1.6355
-0.663093 1.63675
-0.663256 1.63654
-0.668655 1.63873
-0.658897 1.64077
-0.663338 1.64248
-0.666234 1.65134
-0.668075 1.64946
-0.665287 1.6499
-0.665879 1.65269
-0.671895 1.64424
-0.680563 1.65418
-0.680771 1.65032
-0.682157 1.65504
-0.682129 1.6545
-0.690509 1.6584
-0.693563 1.66059
-0.690058 1.65555
-0.696145 1.65306
-0.697963 1.65571
-0.700377 1.6563
-0.704315 1.66229
-0.708561 1.66236
-0.712312 1.66387
-0.719992 1.67376
-0.722342 1.67311
-0.722538 1.67601
-0.725435 1.67829
-0.720715 1.67486
-0.72506 1.68182
-0.73342 1.68423
-0.738635 1.68573
-0.740844 1.68094
-0.745559 1.68389
-0.749612 1.68917
-0.752599 1.68949
-0.757543 1.68836
-0.766991 1.69215
-0.774653 1.68996
-0.78372 1.69757
-0.792324 1.6956
-0.796246 1.69401
-0.800751 1.69457
-0.805059 1.6962
-0.812721 1.69526
-0.817947 1.69605
-0.822846 1.69437
-0.830041 1.69566
-0.837532 1.70162
-0.841865 1.70317
-0.846615 1.70373
-0.853592 1.70381
-0.858576 1.70434
-0.864028 1.70315
-0.868856 1.70524
-0.868785 1.70231
-0.871813 1.69747
-0.875486 1.69853
-0.875932 1.70363
-0.881661 1.70743
-0.885104 1.70788
-0.892214 1.70911
-0.891786 1.71009
-0.895825 1.70657
-0.898844 1.70614
-0.903649 1.70757
-0.911907 1.70699
-0.914859 1.70918
-0.920409 1.71003
-0.927609 1.71323
-0.935485 1.71169
-0.93432 1.71644
-0.934666 1.717
-0.941594 1.71493
-0.945575 1.71791
-0.950344 1.71473
-0.95471 1.71629
-0.959465 1.71874
-0.962347 1.71959
-0.966113 1.72246
-0.970495 1.72195
-0.975032 1.71951
-0.977194 1.71708
-0.981739 1.72076
-0.986204 1.7205
-0.990934 1.72021
-0.994564 1.72277
-1.00075 1.72101
-1.00302 1.72781
-1.00619 1.7336
-1.00557 1.7279
-1.01146 1.73025
-1.01535 1.73051
-1.0217 1.73606
-1.02963 1.73526
-1.03597 1.7385
-1.03875 1.73489
-1.0444 1.73855
-1.0462 1.74178
-1.06678 1.74211
-1.07259 1.74054
-1.07634 1.74172
-1.083 1.74346
-1.0851 1.73984
-1.08956 1.74279
-1.09316 1.74305
-1.09647 1.73866
-1.0979 1.74218
-1.10097 1.74423
-1.10698 1.74442
-1.11778 1.73794
-1.12606 1.73996
-1.12713 1.73922
-1.13432 1.73694
-1.14045 1.73486
-1.14575 1.73444
-1.15661 1.73559
-1.16207 1.73291
-1.16711 1.73237
-1.17364 1.73753
-1.18064 1.73803
-1.19247 1.74038
-1.19704 1.74264
-1.20483 1.74595
-1.20751 1.74815
-1.20909 1.74882
-1.21216 1.7518
-1.21159 1.751
-1.22569 1.75156
-1.23496 1.75709
-1.23954 1.75144
-1.24114 1.7615
-1.24622 1.76191
-1.24834 1.76608
-1.25014 1.76453
-1.25025 1.77954
-1.25105 1.78608
-1.25586 1.78589
-1.25992 1.78596
-1.2706 1.78765
-1.27414 1.78702
-1.27642 1.78944
-1.27751 1.78939
-1.27781 1.78976
-1.28017 1.79629
-1.28512 1.79611
-1.29222 1.79695
-1.29646 1.79793
-1.30069 1.79718
-1.30134 1.79912
-1.30892 1.80225
-1.31139 1.80386
-1.3147 1.80547
-1.32159 1.80552
-1.32463 1.80871
-1.33126 1.80516
-1.33877 1.81084
-1.33981 1.8065
-1.34539 1.80557
-1.34893 1.80361
-1.35157 1.7979
-1.35856 1.79916
-1.35733 1.79976
-1.35887 1.793
-1.36161 1.79347
-1.36708 1.79406
-1.36899 1.79337
-1.3712 1.79409
-1.37186 1.79106
-1.38011 1.78697
-1.38686 1.79386
-1.38883 1.79221
-1.39568 1.79408
-1.40219 1.79905
-1.4059 1.79461
-1.41026 1.79357
-1.41726 1.79085
-1.42137 1.79231
-1.42517 1.79205
-1.42641 1.7945
-1.43157 1.79827
-1.43845 1.79472
-1.43593 1.7958
-1.44605 1.80072
-1.45217 1.79693
-1.45616 1.79844
-1.4617 1.79405
-1.4649 1.79217
-1.47486 1.78988
-1.49519 1.79088
-1.51172 1.78905
-1.51459 1.78286
-1.51989 1.77888
-1.52088 1.7735
-1.53169 1.77227
-1.54268 1.7773
-1.55429 1.77287
-1.55084 1.76101
-1.56346 1.76583
-1.56814 1.76696
-1.57645 1.76313
-1.58148 1.75645
-1.58416 1.75727
-1.58942 1.75097
-1.59128 1.74763
-1.59533 1.74583
-1.60021 1.73935
-1.60615 1.74477
-1.61722 1.74135
-1.62611 1.74239
-1.63124 1.73685
-1.6344 1.73346
-1.64057 1.73348
-1.6446 1.73143
-1.65027 1.73038
-1.66118 1.73262
-1.66678 1.73055
-1.67524 1.73147
-1.67768 1.73228
-1.68511 1.7305
-1.69376 1.73035
-1.69755 1.72748
-1.70751 1.72497
-1.71105 1.72098
-1.71695 1.71932
-1.72543 1.72528
-1.72844 1.7259
-1.73494 1.72446
-1.73851 1.72082
-1.74424 1.71549
-1.75098 1.71464
-1.75168 1.70975
-1.75965 1.70623
-1.76777 1.70207
-1.77483 1.70134
-1.77623 1.69846
-1.78558 1.69322
-1.79225 1.68647
-1.79785 1.68334
-1.80614 1.67863
-1.81394 1.68168
-1.81815 1.67753
-1.81702 1.67245
-1.82465 1.66903
-1.8298 1.66615
-1.83938 1.66605
-1.84835 1.65897
-1.85448 1.65978
-1.85857 1.66249
-1.86501 1.65978
-1.87509 1.65452
-1.88031 1.65202
-1.87969 1.65355
-1.89055 1.6544
-1.8935 1.64887
-1.90395 1.64693
-1.90668 1.63771
-1.91443 1.6381
-1.92348 1.63822
-1.92443 1.63156
-1.93115 1.62652
-1.94121 1.62452
-1.95194 1.625
-1.95481 1.62397
-1.95809 1.62547
-1.96452 1.62859
-1.96991 1.6298
-1.97556 1.62217
-1.97983 1.62912
-1.98458 1.63388
-1.99306 1.64065
-1.99862 1.63697
-2.00045 1.63632
-2.00543 1.64047
-2.00712 1.63344
-2.00328 1.62943
-2.01177 1.62678
-2.02334 1.63001
-2.02594 1.62846
-2.02724 1.62144
-2.02725 1.62328
-2.03374 1.61995
-2.03319 1.61986
-2.03474 1.62051
-2.03525 1.61858
-2.0415 1.61694
-2.04402 1.60995
-2.0462 1.60864
-2.05547 1.61296
-2.0612 1.61183
-2.09179 1.59052
-2.09327 1.58317
-2.09759 1.58317
-2.10208 1.58703
-2.10469 1.58343
-2.10559 1.58239
-2.10894 1.58774
-2.1114 1.58713
-2.11483 1.58435
-2.11878 1.58093
-2.12794 1.57592
-2.13452 1.57642
-2.1419 1.57903
-2.14644 1.5759
-2.15082 1.57195
-2.1549 1.57052
-2.16205 1.57902
-2.17083 1.5808
-2.17095 1.56816
-2.17114 1.50637
-2.18635 1.5691
-2.1813 1.50736
-2.19043 1.57261
-2.19342 1.57405
-2.19724 1.57731
-2.19969 1.57028
-2.2074 1.50393
-2.22495 1.50958
-2.22776 1.50839
-2.23198 1.50294
-2.24094 1.51076
-2.24326 1.50822
-2.24857 1.50549
-2.24977 1.50528
-2.2565 1.50312
-2.2597 1.49666
-2.26714 1.50154
-2.27566 1.50148
-2.28752 1.54021
-2.29055 1.49588
-2.30091 1.54251
-2.30033 1.54277
-2.31274 1.54488
-2.3097 1.53647
-2.31807 1.5394
-2.32183 1.52975
-2.32896 1.53138
-2.33137 1.53362
-2.34178 1.53128
-2.34383 1.53072
-2.35261 1.52877
-2.35164 1.52796
-2.35751 1.52914
-2.36375 1.53312
-2.36446 1.52953
-2.36957 1.52663
-2.37182 1.52589
-2.37638 1.51806
-2.37044 1.46193
-2.38017 1.4605
-2.3783 1.46322
-2.38468 1.45489
-2.38655 1.45169
-2.39944 1.44769
-2.40371 1.44471
-2.40357 1.43517
-2.40586 1.43134
-2.40851 1.42561
-2.4092 1.42657
-2.41266 1.42725
-2.4189 1.42209
-2.42212 1.416
-2.42895 1.41046
-2.43479 1.40689
-2.4388 1.40556
-2.447 1.40358
-2.45954 1.39069
-2.46087 1.39288
-2.46548 1.38316
-2.47401 1.3774
-2.47673 1.37799
-2.48024 1.37559
-2.48995 1.37641
-2.50812 1.36432
-2.51306 1.35252
-2.51407 1.34789
-2.52185 1.3365
-2.53077 1.33442
-2.57101 1.32096
-2.55265 1.30887
-2.58011 1.30483
-2.58457 1.29532
-2.59443 1.29229
-2.60426 1.28317
-2.61127 1.28006
-2.62235 1.27542
-2.63186 1.2628
-2.63855 1.25313
-2.64477 1.24365
-2.66372 1.2304
-2.67107 1.21917
-2.68092 1.20808
-2.69163 1.20274
-2.69765 1.19384
-2.71438 1.18258
-2.72499 1.1731
-2.73065 1.16535
-2.73618 1.15753
-2.74454 1.14324
-2.75417 1.12799
-2.76224 1.12431
-2.76768 1.11146
-2.78623 1.09949
-2.79639 1.08773
-2.80807 1.07906
-2.82032 1.07126
-2.83498 1.06215
-2.83531 1.05974
-2.84092 1.04599
-2.84993 1.03486
-2.85998 1.00545
-2.87078 0.997031
-2.87389 0.995259
-2.88651 0.986631
-2.89242 0.981531
-2.89711 0.972721
-2.90256 0.958488
-2.9143 0.941682
-2.92479 0.930669
-2.93462 0.926182
-2.95348 0.912527
-2.95473 0.899962
-2.95928 0.884309
-2.95711 0.872676
-2.96389 0.856255
-2.97297 0.842861
-2.97759 0.831061
-2.97992 0.824426
-2.98703 0.813912
-2.98551 0.803705
-2.98718 0.795166
-2.98793 0.78259
-2.99404 0.771971
-2.99598 0.760162
-3.00383 0.743429
-3.02075 0.72453
-3.02868 0.716777
-3.04527 0.706612
-3.05534 0.694849
-3.05953 0.68167
-3.06203 0.66377
-3.05966 0.656113
-3.06462 0.644044
-3.0652 0.629322
-3.06518 0.618778
-3.06306 0.60972
-3.07293 0.600302
-3.08398 0.589893
-3.08957 0.570752
-3.0984 0.559531
-3.10196 0.544224
-3.1062 0.534199
-3.10687 0.516845
-3.1141 0.488484
-3.11565 0.478183
-3.12158 0.459836
-3.1242 0.445849
-3.12803 0.433778
-3.13588 0.411544
-3.13688 0.409394
-3.14511 0.396305
-3.14917 0.383198
-3.15402 0.372619
-3.15385 0.362187
-3.15035 0.34815
-3.15601 0.335336
-3.15809 0.324861
-3.16629 0.314352
-3.17127 0.294499
-3.173 0.276445
-3.18233 0.25973
-3.18546 0.244282
-3.18049 0.225942
-3.17976 0.211573
-3.17803 0.198072
-3.18419 0.180376
-3.18805 0.16942
-3.19 0.159818
-3.19242 0.132151
-3.19297 0.121556
-3.1919 0.113602
-3.19953 0.0978672
-3.19498 0.0839304
-3.19287 0.0741643
-3.20078 0.0598786
-3.20812 0.0404166
-3.20024 0.0306246
-3.20276 0.0216334
-3.19906 -0.00854785
-3.19631 -0.0190764
-3.19521 -0.0339073
-3.19454 -0.0451313
-3.19536 -0.0641567
-3.19391 -0.0784384
-3.20191 -0.08612
-3.20368 -0.105815
-3.20153 -0.115796
-3.19739 -0.127785
-3.1916 -0.143473
-3.19286 -0.15792
-3.1833 -0.173383
-3.18257 -0.18186
-3.17824 -0.197279
-3.16873 -0.200565
-3.17963 -0.204871
-3.17317 -0.216096
-3.17907 -0.237986
-3.18157 -0.246217
-3.17399 -0.259561
-3.17097 -0.269181
-3.1677 -0.28383
-3.15926 -0.299734
-3.1575 -0.309169
-3.15175 -0.321691
-3.15201 -0.326532
-3.15398 -0.339874
-3.14932 -0.348662
-3.13845 -0.359735
-3.13596 -0.368508
-3.1384 -0.377293
-3.13686 -0.393124
-3.13398 -0.399755
-3.12909 -0.403467
-3.11998 -0.425198
-3.11378 -0.4274
-3.1164 -0.435329
-3.11236 -0.445843
-3.11236 -0.45756
-3.09694 -0.471779
-3.08774 -0.52727
-3.08662 -0.544145
-3.079 -0.554658
-3.04116 -0.558146
-3.03705 -0.572183
-3.0232 -0.591563
-3.02412 -0.594692
-3.00944 -0.597103
-2.9947 -0.609333
-2.98511 -0.623692
-2.97699 -0.63369
-2.96324 -0.638203
-2.95143 -0.640216
-2.95427 -0.679859
-2.94953 -0.686336
-2.94194 -0.700219
-2.93236 -0.711945
-2.92814 -0.722496
-2.90946 -0.726829
-2.91051 -0.746809
-2.89948 -0.761717
-2.8946 -0.773523
-2.90837 -0.797446
-2.89231 -0.812119
-2.88917 -0.816491
-2.88115 -0.823896
-2.88333 -0.840634
-2.87346 -0.851891
-2.85325 -0.864323
-2.85487 -0.875428
-2.84117 -0.887634
-2.84164 -0.898443
-2.83413 -0.912969
-2.83086 -0.919179
-2.82333 -0.927163
-2.82215 -0.933837
-2.81429 -0.940346
-2.80397 -0.942927
-2.78963 -0.948546
-2.78703 -0.938496
-2.77245 -0.935445
-2.77131 -0.934138
-2.76394 -0.92575
-2.75615 -0.937006
-2.73932 -0.925501
-2.73787 -1.10214
-2.73071 -1.11287
-2.72402 -1.1035
-2.70793 -1.11911
-2.69002 -1.11807
-2.68841 -1.12484
-2.68347 -1.12208
-2.67151 -1.13796
-2.66909 -1.14436
-2.66703 -1.14524
-2.66594 -1.14491
-2.66907 -1.14391
-2.66867 -1.15131
-2.65891 -1.15351
-2.64677 -1.16172
-2.63881 -1.17046
-2.62545 -1.17039
-2.62618 -1.17958
-2.61862 -1.17218
-2.61854 -1.1894
-2.61559 -1.2027
-2.60623 -1.20151
-2.59267 -1.1922
-2.58039 -1.19453
-2.48133 -1.22651
-2.5692 -1.21273
-2.45931 -1.24494
-2.45912 -1.25169
-2.43427 -1.26734
-2.42968 -1.27092
-2.41538 -1.27727
-2.40901 -1.28808
-2.40778 -1.2999
-2.39844 -1.30697
-2.38847 -1.31083
-2.38381 -1.31587
-2.37065 -1.32605
-2.35821 -1.33229
-2.34982 -1.34196
-2.34499 -1.36033
-2.29041 -1.54587
-2.2763 -1.54835
-2.25662 -1.55253
-2.25212 -1.55687
-2.22819 -1.55723
-2.21687 -1.56285
-2.20287 -1.56462
-2.20115 -1.57343
-2.18407 -1.58502
-2.1798 -1.57572
-2.15793 -1.59533
-2.13951 -1.60019
-2.13653 -1.60036
-2.12004 -1.6042
-2.10191 -1.60619
-2.09748 -1.61084
-2.0842 -1.61606
-2.02445 -1.61893
-2.01138 -1.62198
-2.00014 -1.63024
-1.97703 -1.63637
-1.96699 -1.64463
-1.95162 -1.64546
-1.9396 -1.64489
-1.9259 -1.64459
-1.91412 -1.64921
-1.89687 -1.65006
-1.88682 -1.64877
-1.87604 -1.64839
-1.85814 -1.65834
-1.84381 -1.65747
-1.82679 -1.65255
-1.81376 -1.65069
-1.79831 -1.64954
-1.79051 -1.6509
-1.77138 -1.65667
-1.75717 -1.65544
-1.74214 -1.65479
-1.73419 -1.65174
-1.7077 -1.66162
-1.6967 -1.66483
-1.68475 -1.66515
-1.67378 -1.66615
-1.65894 -1.66581
-1.647 -1.66551
-1.63609 -1.66471
-1.61881 -1.67089
-1.60629 -1.67388
-1.59663 -1.67538
-1.58305 -1.67328
-1.56941 -1.67427
-1.54971 -1.67576
-1.53343 -1.67542
-1.5226 -1.66914
-1.51437 -1.66754
-1.50249 -1.66912
-1.48846 -1.66008
-1.47891 -1.65741
-1.46309 -1.65278
-1.4526 -1.65315
-1.44069 -1.64936
-1.42061 -1.65263
-1.40085 -1.65327
-1.38988 -1.64809
-1.37574 -1.64367
-1.36211 -1.63735
-1.35284 -1.64663
-1.33777 -1.64147
-1.3243 -1.63597
-1.29964 -1.62761
-1.28421 -1.62369
-1.27064 -1.62123
-1.26052 -1.62134
-1.24273 -1.61372
-1.23112 -1.61096
-1.21767 -1.60755
-1.20471 -1.60379
-1.19433 -1.60486
-1.17746 -1.60017
-1.16438 -1.59651
-1.14383 -1.5909
-1.12891 -1.58257
-1.11086 -1.58044
-1.10605 -1.57675
-1.08457 -1.57658
-1.08156 -1.57391
-1.07938 -1.5681
-1.0185 -1.55465
-1.01018 -1.54843
-0.984551 -1.53649
-0.977276 -1.53116
-0.96026 -1.52207
-0.958448 -1.51842
-0.94738 -1.5178
-0.938419 -1.50934
-0.926939 -1.5035
-0.903404 -1.4555
-0.887655 -1.4448
-0.874356 -1.43833
-0.853037 -1.43712
-0.837396 -1.43534
-0.832517 -1.42733
-0.822493 -1.42098
-0.80492 -1.41148
-0.78803 -1.39983
-0.766839 -1.39954
-0.758041 -1.39176
-0.735926 -1.38542
-0.723831 -1.37994
-0.711416 -1.38248
-0.69939 -1.37343
-0.689555 -1.36815
-0.677187 -1.36771
-0.667484 -1.36135
-0.656052 -1.35535
-0.627069 -1.34676
-0.621057 -1.33895
-0.6099 -1.33397
-0.600631 -1.32294
-0.575035 -1.30173
-0.538972 -1.30089
-0.528719 -1.29259
-0.510441 -1.27982
-0.499306 -1.27115
-0.496025 -1.262
-0.479051 -1.24826
-0.472116 -1.24008
-0.466546 -1.23331
-0.457961 -1.21987
-0.44834 -1.21408
-0.441416 -1.20907
-0.435202 -1.19983
-0.428627 -1.19109
-0.424724 -1.18807
-0.406207 -1.17373
-0.403284 -1.15977
-0.385133 -1.15206
-0.367473 -1.13616
-0.355612 -1.12483
-0.345268 -1.11908
-0.34296 -1.10787
-0.334387 -1.09584
-0.325151 -1.08614
-0.31821 -1.07643
-0.311491 -1.06878
-0.297334 -1.05066
-0.290623 -0.975456
-0.28238 -0.967768
-0.264279 -0.967362
-0.24705 -0.965384
-0.228602 -0.956116
-0.214976 -0.948453
-0.209243 -0.946684
-0.198175 -0.939489
-0.195973 -0.924675
-0.187025 -0.916063
-0.170155 -0.902035
-0.161411 -0.899481
-0.144934 -0.891317
-0.135026 -0.879459
-0.127671 -0.861991
-0.118831 -0.854333
-0.117499 -0.842541
-0.10897 -0.835417
-0.102251 -0.825486
-0.0952752 -0.816732
-0.0807978 -0.805179
-0.0655993 -0.786707
-0.0381095 -0.781334
-0.0278772 -0.772475
-0.0248231 -0.757488
-0.00808379 -0.745958
0.00397254 -0.737106
0.00770835 -0.722842
0.0144269 -0.726995
0.0314104 -0.715323
0.0390249 -0.693879
0.0416519 -0.684147
0.0544721 -0.679543
0.0611812 -0.656374
0.0638954 -0.650884
0.0706095 -0.637031
0.0803531 -0.621859
0.0833393 -0.619372
0.0894931 -0.608413
0.0902505 -0.595292
0.11165 -0.580331
0.102661 -0.467264
0.122526 -0.562935
0.117681 -0.453101
0.131511 -0.441044
0.130837 -0.426965
0.142243 -0.416751
0.143852 -0.416023
0.149357 -0.399481
0.160707 -0.387952
0.153575 -0.368479
0.164384 -0.354084
0.171546 -0.339752
0.174576 -0.32576
0.173863 -0.311474
0.17825 -0.297774
0.188822 -0.286491
0.200586 -0.261791
0.201631 -0.249236
0.213432 -0.240765
0.219408 -0.230801
0.226963 -0.2223
0.22818 -0.206941
0.231985 -0.188409
0.239919 -0.175032
0.238673 -0.168271
0.242737 -0.142978
0.247789 -0.132654
0.25869 -0.110046
0.265084 -0.0977978
0.267503 -0.0706807
0.276564 -0.0542345
0.280991 -0.0405775
0.277903 -0.033505
0.286418 -0.0244518
0.273623 0.0259406
0.29138 0.0373069
0.283076 0.052668
0.302377 0.0575632
0.299711 0.0666296
0.306186 0.0792418
0.319755 0.0858538
0.324288 0.0945645
0.324923 0.10589
0.323677 0.116857
0.32011 0.135563
0.327411 0.147772
0.330813 0.157053
0.328523 0.168178
0.332242 0.179015
0.335606 0.196594
0.332656 0.20712
0.339213 0.223725
0.336922 0.233668
0.340229 0.240812
0.343929 0.252708
0.352108 0.264642
0.348838 0.281283
0.344285 0.295167
0.350314 0.305754
0.353687 0.316193
0.338923 0.331086
0.33898 0.338956
0.337858 0.358282
0.341685 0.367519
0.334526 0.382899
0.324575 0.391442
0.318036 0.400263
0.317484 0.415262
0.316109 0.429002
0.313321 0.439418
0.310745 0.452696
0.304543 0.468085
0.309131 0.479548
0.302075 0.488123
0.302342 0.505661
0.302243 0.541894
0.298473 0.554861
0.28859 0.572654
0.285031 0.587477
0.279915 0.606124
0.268415 0.619815
0.262221 0.630977
0.257937 0.648154
0.252672 0.662698
0.241092 0.677511
0.235121 0.687579
0.229635 0.698084
0.222117 0.708939
0.220477 0.718525
0.210103 0.725691
0.197906 0.740411
0.18974 0.749142
0.183505 0.761376
0.175762 0.772191
0.167646 0.791379
0.163051 0.799691
0.155483 0.811027
0.148629 0.820549
0.141231 0.829776
0.132417 0.838304
0.126245 0.849171
0.115541 0.860695
0.1117 0.868161
0.0948562 0.886753
0.0894386 0.892618
0.0789892 0.900533
0.0738254 0.910532
0.0680075 0.917985
0.0701169 0.930451
0.0625939 0.939762
0.052717 0.95277
0.0549176 0.968379
0.0473064 0.980676
0.0440941 0.987677
0.0380727 0.993208
0.0267115 1.01012
0.0175701 1.0157
0.00947961 1.04501
0.00606104 1.04949
-0.00278122 1.05806
-0.0183761 1.07104
-0.0242531 1.07838
-0.0658841 1.08873
-0.07332 1.09678
-0.0898603 1.11115
-0.0944861 1.11657
-0.104209 1.12554
-0.102895 1.13432
-0.113722 1.1398
-0.11343 1.14907
-0.130748 1.15683
-0.140446 1.16658
-0.14999 1.17472
-0.157805 1.18456
-0.165664 1.19314
-0.174828 1.19769
-0.183843 1.2079
-0.19178 1.21558
-0.199482 1.22229
-0.203989 1.23667
-0.222456 1.25798
-0.229916 1.26895
-0.246028 1.27726
-0.258391 1.28756
-0.265513 1.29089
-0.280645 1.29627
-0.287873 1.30904
-0.295505 1.31507
-0.305184 1.31868
-0.314987 1.32158
-0.324853 1.33025
-0.34128 1.3377
-0.351674 1.34523
-0.360191 1.35368
-0.381027 1.37043
-0.398616 1.38071
-0.407899 1.38325
-0.417965 1.39275
-0.430487 1.39861
-0.450861 1.40805
-0.471254 1.42528
-0.483419 1.43162
-0.491183 1.43172
-0.504046 1.43677
-0.50883 1.43814
-0.517351 1.44357
-0.517646 1.4538
-0.522901 1.4603
-0.534179 1.46408
-0.580142 1.47436
-0.598221 1.48366
-0.602061 1.52626
-0.604953 1.52717
-0.616845 1.52296
-0.637966 1.5379
-0.649843 1.54233
-0.654787 1.54702
-0.673588 1.54525
-0.686224 1.54664
-0.699836 1.54776
-0.707414 1.54888
-0.708176 1.56044
-0.712248 1.57041
-0.723434 1.56889
-0.734206 1.57088
-0.749071 1.58035
-0.767324 1.58715
-0.780694 1.58841
-0.794794 1.59583
-0.809552 1.60037
-0.823737 1.61056
-0.8365 1.615
-0.851312 1.6156
-0.865672 1.62629
-0.880871 1.62834
-0.891216 1.62784
-0.905361 1.63256
-0.916063 1.63245
-0.927695 1.6355
-0.93997 1.63338
-0.960095 1.63077
-0.964093 1.63259
-0.989751 1.63954
-0.999238 1.63963
-1.01261 1.64129
-1.01812 1.6411
-1.02633 1.63993
-1.04008 1.63605
-1.06765 1.6433
-1.07746 1.64637
-1.09005 1.64247
-1.09747 1.64417
-1.10891 1.6465
-1.12234 1.64674
-1.13061 1.64798
-1.14235 1.64453
-1.14892 1.64504
-1.15902 1.64737
-1.16965 1.64814
-1.1802 1.65419
-1.19147 1.66012
-1.20226 1.66704
-1.21186 1.6708
-1.22543 1.67274
-1.23629 1.67332
-1.25079 1.67489
-1.26238 1.67017
-1.27332 1.67156
-1.28629 1.66508
-1.29157 1.66842
-1.31018 1.67852
-1.31878 1.67455
-1.33556 1.67449
-1.34946 1.67685
-1.35889 1.67571
-1.36244 1.67159
-1.37536 1.67314
-1.38949 1.67407
-1.41 1.67376
-1.43773 1.6714
-1.45284 1.67054
-1.46615 1.66929
-1.47688 1.67315
-1.49999 1.67209
-1.50952 1.66981
-1.51521 1.67255
-1.52606 1.67362
-1.53921 1.66928
-1.57977 1.66837
-1.58997 1.67105
-1.59668 1.66477
-1.61121 1.66174
-1.62103 1.65628
-1.6372 1.65197
-1.65563 1.64739
-1.67227 1.64501
-1.68015 1.63948
-1.69241 1.63287
-1.71175 1.63496
-1.72531 1.62684
-1.73637 1.62371
-1.74847 1.61758
-1.76606 1.615
-1.77834 1.61146
-1.79877 1.61229
-1.80557 1.60961
-1.8198 1.60735
-1.82221 1.60314
-1.84423 1.59903
-1.86991 1.59679
-1.89227 1.58867
-1.90522 1.59029
-1.9249 1.58623
-1.93216 1.58497
-1.94656 1.57744
-1.95958 1.57941
-1.96665 1.5793
-1.98403 1.58336
-1.99394 1.58313
-2.01236 1.57966
-2.01874 1.57011
-2.0234 1.55929
-2.03352 1.55148
-2.06346 1.5517
-2.08065 1.54296
-2.08963 1.53738
-2.09941 1.53411
-2.10781 1.53903
-2.12354 1.53629
-2.13217 1.52967
-2.14088 1.52613
-2.15191 1.48275
-2.17473 1.47722
-2.19111 1.46732
-2.19892 1.45806
-2.21074 1.45448
-2.22709 1.45326
-2.23498 1.44726
-2.24408 1.44242
-2.25233 1.43796
-2.26142 1.43225
-2.26713 1.42792
-2.27694 1.4236
-2.28634 1.41705
-2.30232 1.41193
-2.31873 1.40348
-2.32859 1.39685
-2.33732 1.38932
-2.34517 1.38351
-2.35581 1.37491
-2.36124 1.36623
-2.37008 1.36081
-2.38595 1.35534
-2.39989 1.35003
-2.4088 1.34222
-2.41598 1.33316
-2.42952 1.32904
-2.44487 1.32055
-2.45074 1.29891
-2.45832 1.29189
-2.46791 1.2839
-2.47276 1.26711
-2.48624 1.25277
-2.50674 1.25183
-2.51225 1.23942
-2.56185 1.23921
-2.57224 1.22988
-2.5783 1.22166
-2.587 1.21053
-2.59769 1.1954
-2.60951 1.18314
-2.6163 1.17634
-2.62668 1.1668
-2.63961 1.15226
-2.65559 1.14352
-2.66412 1.13486
-2.67217 1.12229
-2.68564 1.11138
-2.7021 1.11057
-2.71309 1.1018
-2.7257 1.09129
-2.73798 1.08101
-2.7559 1.07366
-2.76646 1.06564
-2.78048 1.0608
-2.79217 1.05106
-2.80335 1.02131
-2.81456 1.03054
-2.81975 1.024
-2.82706 1.01103
-2.83792 0.98857
-2.84479 0.97736
-2.86235 0.957659
-2.86916 0.945884
-2.87703 0.937601
-2.88417 0.927904
-2.88932 0.919519
-2.89397 0.909628
-2.89641 0.899357
-2.90077 0.887717
-2.90233 0.879666
-2.90718 0.867289
-2.91198 0.857863
-2.91923 0.848736
-2.92555 0.841103
-2.92909 0.829991
-2.93368 0.81902
-2.93935 0.810248
-2.946 0.803587
-2.95407 0.790736
-2.966 0.776439
-2.97392 0.766965
-2.98145 0.762116
-2.98415 0.749418
-2.99205 0.735571
-3.00002 0.723003
-3.00212 0.713559
-3.00884 0.70587
-3.00914 0.696471
-3.01442 0.68778
-3.02223 0.679298
-3.02577 0.680533
-3.02945 0.674394
-3.0306 0.661329
-3.04686 0.661933
-3.04506 0.652682
-3.0501 0.643159
-3.05084 0.629777
-3.05704 0.627168
-3.06308 0.613708
-3.09338 0.6095
-3.09866 0.596799
-3.11113 0.592597
-3.11787 0.589312
-3.12573 0.586751
-3.12995 0.574167
-3.13 0.567397
-3.13499 0.564499
-3.14501 0.560351
-3.15176 0.548323
-3.15449 0.538385
-3.16408 0.52993
-3.15035 0.488099
-3.15183 0.466577
-3.16217 0.45209
-3.15986 0.444268
-3.16435 0.427872
-3.16707 0.418716
-3.1762 0.399656
-3.18276 0.391223
-3.18975 0.379753
-3.19043 0.365767
-3.19394 0.352169
-3.19678 0.34737
-3.19346 0.327591
-3.19607 0.313827
-3.19439 0.297456
-3.18715 0.285129
-3.19005 0.276119
-3.18458 0.263577
-3.18243 0.248983
-3.1777 0.23001
-3.17262 0.226939
-3.17695 0.216959
-3.1751 0.207306
-3.17867 0.185394
-3.17016 0.169513
-3.17483 0.150878
-3.16904 0.142476
-3.1619 0.118816
-3.15878 0.100854
-3.16435 0.0849023
-3.16704 0.0758425
-3.16305 0.0632048
-3.16469 0.0416087
-3.15505 0.00760929
-3.16111 -0.00194842
-3.16105 -0.0170424
-3.16167 -0.0324737
-3.17122 -0.0520152
-3.16809 -0.06084
-3.1646 -0.0838469
-3.15903 -0.0969914
-3.15679 -0.107143
-3.15012 -0.118013
-3.14165 -0.132316
-3.14227 -0.145652
-3.1453 -0.163802
-3.14755 -0.182274
-3.14205 -0.203742
-3.13359 -0.216838
-3.12151 -0.236644
-3.12202 -0.24192
-3.12855 -0.260784
-3.13083 -0.275339
-3.12041 -0.285902
-3.11225 -0.306381
-3.10993 -0.32376
-3.10792 -0.339677
-3.10029 -0.35753
-3.0984 -0.384917
-3.09507 -0.409336
-3.10012 -0.428182
-3.08213 -0.433614
-3.07657 -0.440404
-3.01451 -0.436626
-3.07414 -0.452496
-3.08099 -0.466443
-3.08154 -0.466769
-3.02588 -0.539413
-3.02915 -0.555887
-3.01615 -0.56328
-3.0192 -0.588406
-3.00326 -0.589653
-2.99545 -0.608413
-2.99002 -0.615907
-2.98488 -0.62824
-2.97416 -0.652189
-2.97174 -0.670679
-2.95868 -0.692
-2.95362 -0.704616
-2.94557 -0.725723
-2.92894 -0.748016
-2.92169 -0.75584
-2.91574 -0.777839
-2.91853 -0.79114
-2.90583 -0.806658
-2.90122 -0.818252
-2.89265 -0.822851
-2.88534 -0.830669
-2.87974 -0.839055
-2.87368 -0.833999
-2.87187 -0.840285
-2.87456 -0.847023
-2.87013 -0.850189
-2.85725 -0.859662
-2.8295 -0.869881
-2.83415 -0.884671
-2.81872 -0.890795
-2.82884 -0.904017
-2.82703 -0.909577
-2.81732 -0.919503
-2.81892 -0.918028
-2.80808 -0.909657
-2.77869 -1.0396
-2.78932 -0.915773
-2.77996 -0.925278
-2.7917 -0.921455
-2.78519 -0.926953
-2.78423 -0.92257
-2.78626 -0.940441
-2.78642 -0.941798
-2.7813 -0.95333
-2.74331 -1.10613
-2.73548 -1.112
-2.73185 -1.11127
-2.73003 -1.12495
-2.72057 -1.12197
-2.71188 -1.12316
-2.70685 -1.13123
-2.71344 -1.14632
-2.719 -1.15699
-2.71448 -1.15957
-2.70965 -1.15205
-2.7057 -1.16105
-2.69274 -1.16985
-2.69601 -1.17832
-2.69129 -1.18128
-2.6812 -1.17822
-2.67486 -1.18566
-2.66439 -1.19469
-2.6645 -1.1997
-2.64878 -1.2072
-2.63626 -1.22395
-2.63693 -1.22914
-2.61968 -1.23766
-2.61104 -1.24719
-2.59854 -1.25151
-2.5821 -1.2687
-2.5172 -1.284
-2.50566 -1.28942
-2.49541 -1.29016
-2.48792 -1.30414
-2.47784 -1.31543
-2.4734 -1.32264
-2.46019 -1.32538
-2.45557 -1.32747
-2.44063 -1.33958
-2.42935 -1.34085
-2.41905 -1.3403
-2.40744 -1.34271
-2.39376 -1.36131
-2.38764 -1.3597
-2.37897 -1.36382
-2.35755 -1.37461
-2.33448 -1.38394
-2.32112 -1.38585
-2.3131 -1.39096
-2.30231 -1.38826
-2.28751 -1.39234
-2.28122 -1.39433
-2.27099 -1.40585
-2.26033 -1.40033
-2.23933 -1.40993
-2.23942 -1.40483
-2.23072 -1.40761
-2.21053 -1.416
-2.16523 -1.49654
-2.16911 -1.42649
-2.16703 -1.41992
-2.1477 -1.49751
-2.1435 -1.50397
-2.1365 -1.51941
-2.12594 -1.51955
-2.11226 -1.52087
-2.1018 -1.52434
-2.09016 -1.51677
-2.07932 -1.52054
-2.07049 -1.52705
-2.06114 -1.52047
-1.96794 -1.5497
-1.96051 -1.5482
-1.94601 -1.5559
-1.93523 -1.55814
-1.92217 -1.55759
-1.91501 -1.55655
-1.90146 -1.55861
-1.88616 -1.5606
-1.86735 -1.56477
-1.85506 -1.56833
-1.84471 -1.57075
-1.82631 -1.5726
-1.81227 -1.57663
-1.79646 -1.57528
-1.77538 -1.57782
-1.76155 -1.57577
-1.74681 -1.57854
-1.73195 -1.57069
-1.7195 -1.58127
-1.71107 -1.58021
-1.69422 -1.59037
-1.682 -1.59239
-1.66656 -1.59138
-1.64346 -1.59416
-1.63685 -1.58727
-1.62153 -1.59317
-1.61493 -1.59633
-1.60957 -1.59088
-1.59378 -1.60413
-1.57584 -1.59802
-1.56017 -1.59228
-1.4925 -1.58875
-1.47383 -1.5869
-1.45571 -1.58755
-1.4414 -1.59414
-1.41972 -1.5906
-1.39521 -1.58385
-1.38746 -1.58612
-1.38015 -1.58467
-1.36149 -1.58109
-1.35392 -1.57805
-1.34558 -1.57374
-1.32927 -1.57225
-1.31643 -1.56916
-1.30532 -1.56826
-1.29249 -1.56555
-1.28193 -1.56354
-1.2663 -1.56256
-1.25057 -1.55507
-1.23592 -1.55606
-1.20525 -1.55521
-1.19448 -1.54988
-1.18271 -1.55145
-1.16858 -1.55022
-1.15049 -1.54954
-1.13481 -1.54552
-1.13059 -1.54104
-1.1121 -1.5425
-1.08921 -1.53359
-1.03448 -1.52977
-1.0674 -1.53246
-1.06636 -1.52795
-1.00367 -1.51919
-0.978782 -1.5125
-0.969809 -1.50572
-0.957513 -1.50357
-0.947214 -1.49773
-0.922984 -1.49944
-0.908956 -1.4959
-0.884633 -1.45113
-0.872223 -1.44648
-0.852508 -1.48236
-0.834028 -1.43459
-0.822318 -1.42755
-0.799123 -1.4195
-0.794968 -1.41622
-0.771958 -1.41954
-0.747511 -1.42004
-0.729533 -1.42557
-0.72214 -1.42519
-0.705019 -1.4131
-0.687165 -1.41362
-0.672962 -1.40636
-0.665003 -1.40763
-0.642247 -1.40434
-0.627007 -1.39332
-0.620917 -1.38663
-0.615624 -1.38115
-0.600537 -1.37244
-0.599031 -1.3673
-0.593831 -1.36173
-0.585603 -1.35259
-0.582213 -1.35051
-0.57808 -1.3416
-0.504367 -1.32206
-0.493483 -1.3196
-0.481052 -1.31506
-0.466452 -1.30684
-0.460869 -1.30051
-0.451233 -1.29222
-0.445368 -1.28696
-0.436977 -1.27664
-0.426101 -1.26626
-0.418104 -1.26956
-0.405337 -1.26367
-0.394367 -1.25055
-0.386753 -1.24449
-0.371358 -1.23242
-0.361651 -1.22022
-0.3392 -1.21395
-0.32273 -1.20187
-0.29953 -1.1802
-0.281235 -1.17437
-0.273719 -1.16509
-0.269697 -1.15166
-0.258453 -1.14459
-0.250454 -1.13678
-0.241111 -1.12903
-0.228416 -1.11217
-0.221448 -1.10464
-0.211071 -1.09095
-0.195599 -1.08162
-0.177579 -1.06481
-0.173155 -1.05536
-0.157251 -1.05234
-0.146076 -1.03916
-0.144459 -1.03692
-0.139904 -1.03147
-0.139832 -0.957192
-0.137836 -1.02201
-0.128237 -0.938607
-0.117889 -0.92992
-0.118974 -0.915611
-0.111954 -0.906327
-0.0994096 -0.905368
-0.089954 -0.898339
-0.0777132 -0.890347
-0.0343743 -0.884145
-0.0321632 -0.874611
-0.0266237 -0.866638
-0.00718975 -0.844698
-0.00290808 -0.831872
0.00886175 -0.818431
0.0157942 -0.804108
0.0263625 -0.800229
0.0362817 -0.79324
0.0377327 -0.782659
0.0467385 -0.760911
0.0523692 -0.758827
0.0597506 -0.745056
0.0645689 -0.730966
0.0703933 -0.71394
0.0830705 -0.704851
0.0984601 -0.689228
0.107878 -0.672924
0.117809 -0.655326
0.119767 -0.649992
0.119116 -0.642548
0.13037 -0.621834
0.137128 -0.614591
0.14004 -0.607638
0.14881 -0.592309
0.159857 -0.579142
0.160978 -0.563767
0.167719 -0.542574
0.173825 -0.519524
0.176973 -0.458977
0.182905 -0.447491
0.199106 -0.433716
0.198634 -0.422001
0.203215 -0.40623
0.210793 -0.389711
0.209008 -0.376877
0.215114 -0.368362
0.221015 -0.346177
0.227535 -0.322991
0.232615 -0.315587
0.237299 -0.297317
0.235448 -0.291151
0.241111 -0.28116
0.245197 -0.273574
0.247551 -0.250469
0.247693 -0.239847
0.251878 -0.230887
0.259624 -0.227089
0.268362 -0.201144
0.267099 -0.193206
0.263239 -0.18195
0.27529 -0.168166
0.275312 -0.149169
0.282627 -0.137878
0.284786 -0.122049
0.281345 -0.110341
0.283989 -0.0923397
0.283753 -0.0751486
0.284435 -0.0605036
0.282228 -0.0510436
0.275662 -0.0415123
0.276524 -0.0303314
0.27322 0.0246363
0.281255 0.0371639
0.276395 0.0439216
0.284695 0.0510532
0.290789 0.0644684
0.291383 0.0748766
0.291423 0.0847943
0.292317 0.10317
0.294164 0.118623
0.289713 0.125324
0.285872 0.133963
0.286257 0.149806
0.282798 0.162276
0.284275 0.179419
0.28871 0.192938
0.287598 0.216049
0.287853 0.241492
0.29045 0.25461
0.286632 0.2713
0.294622 0.291081
0.29506 0.307543
0.300572 0.320552
0.304047 0.333301
0.301336 0.345401
0.298078 0.364974
0.302754 0.378416
0.298373 0.403545
0.297014 0.417959
0.290359 0.446692
0.293902 0.4559
0.291058 0.482251
