0.797497 0.0097388
0.804438 0.0259793
0.817558 0.0386334
0.822661 0.040362
0.807598 0.0488266
0.802662 0.0656256
0.808328 0.0677016
0.800569 0.0789255
0.805406 0.0920729
0.820569 0.113759
0.815119 0.116201
0.826418 0.114177
0.833341 0.133315
0.841075 0.131413
0.860125 0.138948
0.870305 0.146274
0.966766 0.156157
0.851496 0.143699
0.957098 0.182128
0.858994 0.169972
0.86149 0.172026
0.862015 0.179764
0.858375 0.18504
0.858862 0.19097
0.851059 0.201152
0.847582 0.201143
0.852084 0.209042
0.851571 0.212313
0.842171 0.224774
0.844226 0.228558
0.830757 0.222223
0.837862 0.22947
0.827684 0.226632
0.830039 0.232941
0.82466 0.238215
0.816124 0.259983
0.816087 0.256868
0.817844 0.251204
0.81437 0.259488
0.810791 0.273022
0.805026 0.273888
0.803502 0.279936
0.806054 0.278857
0.802038 0.277144
0.805432 0.276515
0.806602 0.273686
0.805434 0.277363
0.80443 0.286103
0.802485 0.286863
0.802192 0.282808
0.802334 0.283233
0.787714 0.280095
0.781639 0.285444
0.778148 0.282618
0.768989 0.281721
0.761144 0.277483
0.755743 0.277431
0.748246 0.280458
0.734527 0.283116
0.725209 0.282177
0.716075 0.283754
0.713651 0.289537
0.700948 0.285539
0.678067 0.292729
0.676052 0.29452
0.666055 0.293335
0.66424 0.296654
0.657595 0.302042
0.650162 0.303138
0.638054 0.3091
0.638378 0.31426
0.63448 0.31677
0.631002 0.315493
0.626495 0.319806
0.621404 0.323481
0.619548 0.326792
0.615726 0.330493
0.606944 0.338134
0.606314 0.344411
0.590258 0.352287
0.589596 0.350588
0.58969 0.352664
0.588162 0.351619
0.586396 0.350988
0.588108 0.354372
0.586354 0.351042
0.588436 0.353952
0.585214 0.356839
0.586368 0.35813
0.58442 0.358168
0.580371 0.359486
0.57491 0.368244
0.566016 0.366101
0.567868 0.364072
0.562986 0.366411
0.55867 0.366623
0.556895 0.366595
0.550718 0.367333
0.553437 0.369768
0.553443 0.371595
0.5509 0.373892
0.551507 0.376499
0.548326 0.38065
0.5497 0.379509
0.550686 0.380557
0.553115 0.384302
0.549301 0.388564
0.543759 0.390995
0.536578 0.387568
0.535376 0.389586
0.530921 0.390304
0.534115 0.393692
0.523569 0.396708
0.529352 0.39964
0.526289 0.404074
0.515936 0.405593
0.518536 0.405016
0.513228 0.405018
0.513582 0.409216
0.516482 0.410768
0.506313 0.409381
0.505997 0.407135
0.504608 0.411872
0.503059 0.416933
0.502224 0.42444
0.498307 0.427897
0.50069 0.432453
0.493844 0.43477
0.492817 0.436439
0.494516 0.443093
0.494249 0.443367
0.492918 0.439403
0.490974 0.440837
0.491846 0.437312
0.491231 0.44433
0.48496 0.446513
0.483216 0.449533
0.48033 0.450412
0.481343 0.448115
0.48842 0.449701
0.48451 0.453118
0.483312 0.457534
0.48389 0.448661
0.481194 0.451093
0.477608 0.453866
0.47775 0.454906
0.474899 0.452818
0.47505 0.453304
0.474451 0.450924
0.473553 0.444498
0.473358 0.442203
0.478382 0.436469
0.44545 0.439249
0.476665 0.442179
0.477086 0.441574
0.475364 0.435599
0.449503 0.433736
0.449607 0.433801
0.44564 0.437908
0.438487 0.445615
0.430973 0.456278
0.426227 0.464217
0.423878 0.465375
0.418815 0.470996
0.417258 0.487054
0.411747 0.532541
0.41109 0.54327
0.409264 0.541737
0.412699 0.54659
0.407148 0.549764
0.404052 0.551444
0.398188 0.555167
0.394389 0.561946
0.395661 0.567479
0.39419 0.566275
0.39258 0.566926
0.388161 0.573609
0.387494 0.578034
0.386178 0.584105
0.385001 0.581712
0.380739 0.589214
0.376637 0.593392
0.376134 0.601762
0.370327 0.609855
0.362107 0.621536
0.351109 0.634313
0.347612 0.64308
0.344179 0.642436
0.343679 0.658755
0.335881 0.668712
0.331167 0.677618
0.324729 0.683413
0.321478 0.697517
0.314956 0.701897
0.308264 0.71532
0.301737 0.73124
0.293954 0.74487
0.283341 0.756053
0.279827 0.76488
0.269399 0.773527
0.261047 0.778665
0.246971 0.791728
0.239176 0.804185
0.230744 0.814405
0.224942 0.836964
0.221475 0.84199
0.211111 0.848867
0.211692 0.853281
0.200795 0.870853
0.191131 0.88789
0.180011 0.897224
0.169419 0.912131
0.155344 0.917528
0.136739 0.929189
0.11622 0.946841
0.108545 0.956546
0.0872145 0.967302
0.0728781 0.973029
0.0523176 0.989381
0.033709 0.982503
0.0254639 0.990007
0.0150018 0.999433
0.0216638 1.04987
-0.00256443 1.06277
-0.0471574 1.06694
-0.0581308 1.06956
-0.0702145 1.07965
-0.0872327 1.08522
-0.103474 1.09527
-0.115175 1.109
-0.13381 1.12233
-0.141105 1.13126
-0.157466 1.14597
-0.177924 1.15074
-0.192373 1.163
-0.208305 1.17102
-0.226269 1.17688
-0.244963 1.18446
-0.254537 1.19048
-0.269217 1.19528
-0.297397 1.20693
-0.316762 1.21191
-0.334153 1.22045
-0.350868 1.23065
-0.370841 1.24246
-0.384504 1.2572
-0.406559 1.26783
-0.426842 1.27859
-0.443082 1.28331
-0.454707 1.28964
-0.470085 1.30102
-0.479218 1.3124
-0.496608 1.31561
-0.51333 1.328
-0.572168 1.33961
-0.590788 1.35003
-0.601115 1.36176
-0.615616 1.3736
-0.640525 1.37967
-0.652389 1.39183
-0.667813 1.40579
-0.684297 1.41886
-0.698733 1.42431
-0.710699 1.42756
-0.722308 1.43057
-0.750771 1.44332
-0.766256 1.45116
-0.78398 1.449
-0.817701 1.4419
-0.840221 1.44778
-0.863043 1.45549
-0.886118 1.46133
-0.907201 1.46859
-0.920259 1.47387
-0.936215 1.47033
-0.948646 1.47226
-0.979332 1.47084
-0.986528 1.46896
-1.00029 1.47045
-1.02537 1.47251
-1.038 1.47263
-1.07808 1.47553
-1.09917 1.47758
-1.1152 1.4824
-1.12755 1.48367
-1.1355 1.48341
-1.16127 1.48485
-1.1759 1.4769
-1.20256 1.47652
-1.2183 1.47402
-1.23695 1.47109
-1.25628 1.47587
-1.26986 1.47813
-1.28562 1.49006
-1.30302 1.49073
-1.31873 1.49123
-1.34982 1.52558
-1.35797 1.49726
-1.37324 1.4955
-1.38404 1.4999
-1.40127 1.49607
-1.41146 1.49599
-1.43086 1.48851
-1.44119 1.49731
-1.46501 1.49139
-1.47716 1.49053
-1.49191 1.49522
-1.50703 1.49559
-1.52264 1.5039
-1.53703 1.49861
-1.5624 1.50186
-1.5805 1.4919
-1.60217 1.48909
-1.61629 1.49036
-1.6301 1.49607
-1.63795 1.49658
-1.66917 1.49056
-1.68431 1.48816
-1.70646 1.48831
-1.71989 1.48429
-1.74026 1.47288
-1.7602 1.47197
-1.77338 1.47192
-1.79205 1.46751
-1.80006 1.46492
-1.81295 1.45988
-1.82353 1.45811
-1.84124 1.44694
-1.85738 1.44019
-1.8728 1.43781
-1.89119 1.43001
-1.90661 1.42084
-1.90991 1.4131
-1.92288 1.40756
-1.94556 1.40897
-1.95535 1.40334
-1.98197 1.39604
-1.99187 1.39203
-2.00822 1.38662
-2.03166 1.38311
-2.07343 1.37526
-2.08544 1.36901
-2.10562 1.36756
-2.11792 1.37044
-2.13326 1.3631
-2.14384 1.36012
-2.15341 1.36029
-2.16876 1.35325
-2.17892 1.34909
-2.19308 1.34507
-2.20303 1.33645
-2.21877 1.33591
-2.22861 1.33028
-2.24301 1.32606
-2.25754 1.3215
-2.26573 1.31429
-2.27688 1.30994
-2.2888 1.30414
-2.30064 1.30163
-2.30761 1.29688
-2.32137 1.29182
-2.33526 1.29031
-2.35455 1.28751
-2.37033 1.27907
-2.38526 1.27383
-2.39763 1.27092
-2.40347 1.26751
-2.42078 1.25969
-2.42862 1.255
-2.44409 1.24267
-2.45298 1.23938
-2.47066 1.22939
-2.48168 1.21655
-2.49169 1.2077
-2.50471 1.19476
-2.51544 1.18982
-2.52484 1.18335
-2.5365 1.17436
-2.5429 1.16063
-2.55738 1.14891
-2.57015 1.14749
-2.58007 1.14018
-2.59189 1.13465
-2.60178 1.12439
-2.6095 1.11038
-2.62118 1.10045
-2.62964 1.09359
-2.63738 1.08546
-2.6461 1.07634
-2.65463 1.06278
-2.6601 1.04901
-2.66699 1.00659
-2.6793 1.00013
-2.69105 0.990731
-2.70205 0.987759
-2.7174 0.981387
-2.72445 0.97329
-2.73508 0.963232
-2.74825 0.954303
-2.7552 0.943236
-2.76378 0.936083
-2.77382 0.923858
-2.78322 0.916036
-2.79154 0.906769
-2.80124 0.893736
-2.81726 0.879302
-2.82675 0.880171
-2.82824 0.867744
-2.83559 0.853617
-2.84721 0.846417
-2.85924 0.838636
-2.87201 0.828675
-2.87336 0.821265
-2.88418 0.82379
-2.88546 0.812771
-2.90148 0.794276
-2.90968 0.7831
-2.91922 0.771373
-2.9368 0.760513
-2.94206 0.750474
-2.94736 0.738899
-2.95539 0.731153
-2.96361 0.718289
-2.96481 0.70216
-2.97021 0.682873
-2.97709 0.670537
-2.98 0.659866
-2.98239 0.649185
-2.98314 0.638006
-2.99655 0.635513
-2.99595 0.622214
-3.00578 0.614751
-3.00735 0.607178
-3.0176 0.590956
-3.02225 0.583445
-3.02768 0.58133
-3.03231 0.578596
-3.03959 0.563927
-3.04109 0.55916
-3.0592 0.544383
-3.05971 0.531671
-3.06517 0.49678
-3.07187 0.481776
-3.07698 0.468874
-3.08208 0.457457
-3.08911 0.452827
-3.09963 0.443085
-3.1003 0.434629
-3.10096 0.420241
-3.10511 0.409406
-3.11125 0.394853
-3.1101 0.373538
-3.1065 0.364677
-3.10687 0.348801
-3.10773 0.336728
-3.11396 0.326756
-3.11329 0.307599
-3.12002 0.294708
-3.12052 0.273278
-3.12188 0.256998
-3.1261 0.245083
-3.12954 0.233334
-3.13012 0.221352
-3.13773 0.204012
-3.1406 0.182167
-3.1409 0.170761
-3.14176 0.163775
-3.14708 0.141805
-3.14331 0.134743
-3.15081 0.125061
-3.16089 0.111634
-3.1628 0.0948998
-3.16182 0.0826557
-3.16209 0.0664498
-3.16085 0.0538678
-3.17001 0.0468174
-3.16283 0.00186418
-3.16837 -0.00579764
-3.17776 -0.0180301
-3.1749 -0.0278445
-3.16619 -0.0414044
-3.16292 -0.0520854
-3.1625 -0.060803
-3.1633 -0.0764783
-3.16614 -0.0828785
-3.16971 -0.100533
-3.17979 -0.114814
-3.17678 -0.132884
-3.17233 -0.146431
-3.16467 -0.152257
-3.15921 -0.168669
-3.15597 -0.182106
-3.15241 -0.192303
-3.14741 -0.210855
-3.14603 -0.242462
-3.13381 -0.249801
-3.1288 -0.259757
-3.12377 -0.271533
-3.13231 -0.2859
-3.12711 -0.305376
-3.12594 -0.331124
-3.11659 -0.346059
-3.10442 -0.369415
-3.10834 -0.382321
-3.10097 -0.392946
-3.10517 -0.396419
-3.10119 -0.409158
-3.1074 -0.419039
-3.10928 -0.437387
-3.08995 -0.50884
-3.08067 -0.519761
-3.08442 -0.522194
-3.08303 -0.532134
-3.09034 -0.535533
-3.09947 -0.546158
-3.09536 -0.563802
-3.08679 -0.574232
-3.08724 -0.58996
-3.08829 -0.590548
-3.07696 -0.597879
-3.07873 -0.61271
-3.07722 -0.627239
-3.07607 -0.63629
-3.06222 -0.645163
-3.06634 -0.661761
-3.05885 -0.669253
-3.05983 -0.666356
-3.0522 -0.680229
-2.98393 -0.690286
-3.04678 -0.714912
-2.97424 -0.720746
-3.04692 -0.737069
-2.95855 -0.747443
-2.94877 -0.747042
-2.94039 -0.77215
-2.93651 -0.793178
-2.93566 -0.798989
-2.92798 -0.809457
-2.92718 -0.814089
-2.92586 -0.825232
-2.90809 -0.832214
-2.90229 -0.847427
-2.90676 -0.863669
-2.90922 -0.870597
-2.90889 -0.886664
-2.90147 -0.891761
-2.88828 -0.894357
-2.88915 -0.913167
-2.88326 -0.924432
-2.87393 -0.932493
-2.87388 -0.939717
-2.86029 -0.945427
-2.85121 -0.961596
-2.8397 -0.961862
-2.83006 -0.974257
-2.82577 -0.978427
-2.81868 -0.979066
-2.80885 -1.03229
-2.80242 -1.03861
-2.79518 -1.04946
-2.7893 -1.05948
-2.77926 -1.06403
-2.77483 -1.07264
-2.76685 -1.07926
-2.74992 -1.08881
-2.74161 -1.0993
-2.73718 -1.12227
-2.73461 -1.13497
-2.7291 -1.13799
-2.72216 -1.14175
-2.70742 -1.14785
-2.70572 -1.1535
-2.69981 -1.16341
-2.68556 -1.16793
-2.67924 -1.17555
-2.67577 -1.18416
-2.65706 -1.19629
-2.64412 -1.19755
-2.63169 -1.20315
-2.61559 -1.2105
-2.60431 -1.22033
-2.5966 -1.23456
-2.58833 -1.24166
-2.53963 -1.24657
-2.52741 -1.24832
-2.51832 -1.25385
-2.5071 -1.25372
-2.49542 -1.2619
-2.48296 -1.2681
-2.47372 -1.27157
-2.45896 -1.27493
-2.45116 -1.28009
-2.43582 -1.29185
-2.4263 -1.29555
-2.41701 -1.30632
-2.39385 -1.31362
-2.37978 -1.32125
-2.36675 -1.32753
-2.34783 -1.33305
-2.32711 -1.35681
-2.31142 -1.36136
-2.29425 -1.37762
-2.26411 -1.3832
-2.23573 -1.39483
-2.21484 -1.40718
-2.18953 -1.41497
-2.17741 -1.41782
-2.15981 -1.41352
-2.14197 -1.41247
-2.12275 -1.4249
-2.10368 -1.43043
-2.09605 -1.43357
-2.08711 -1.44233
-2.05093 -1.44187
-2.038 -1.44059
-2.02459 -1.44342
-2.01036 -1.45288
-2.00338 -1.45848
-1.98318 -1.46936
-1.96541 -1.48586
-1.95006 -1.48898
-1.94028 -1.48517
-1.92525 -1.48779
-1.9032 -1.50117
-1.89325 -1.49292
-1.8753 -1.49833
-1.85845 -1.50875
-1.83744 -1.50569
-1.8226 -1.49684
-1.8036 -1.50509
-1.78889 -1.51595
-1.77815 -1.53093
-1.75427 -1.53438
-1.73191 -1.53719
-1.72317 -1.5336
-1.70976 -1.529
-1.69396 -1.53286
-1.68205 -1.53321
-1.66757 -1.52933
-1.65938 -1.52496
-1.64203 -1.53835
-1.63002 -1.53363
-1.60942 -1.53914
-1.59436 -1.54388
-1.58392 -1.54421
-1.57143 -1.54668
-1.54544 -1.54029
-1.53021 -1.53896
-1.5164 -1.5381
-1.50974 -1.54094
-1.49352 -1.53772
-1.47142 -1.54519
-1.46314 -1.53931
-1.45277 -1.54141
-1.43715 -1.54208
-1.42054 -1.53711
-1.40769 -1.5359
-1.39673 -1.53023
-1.37155 -1.53292
-1.35924 -1.52739
-1.34785 -1.53067
-1.32364 -1.5265
-1.30962 -1.5275
-1.29324 -1.52467
-1.26994 -1.5309
-1.24929 -1.52654
-1.23648 -1.52537
-1.22001 -1.52595
-1.20004 -1.51919
-1.17978 -1.51835
-1.15789 -1.52089
-1.13414 -1.51964
-1.12178 -1.51692
-1.10656 -1.51214
-1.09107 -1.50902
-1.07737 -1.50665
-1.04128 -1.50622
-1.02726 -1.46629
-1.01687 -1.46055
-1.00998 -1.46447
-0.989444 -1.45909
-0.975727 -1.44718
-0.968314 -1.43723
-0.955141 -1.43744
-0.93814 -1.43089
-0.927808 -1.41771
-0.919192 -1.40663
-0.90852 -1.40524
-0.8914 -1.39824
-0.879628 -1.39438
-0.865109 -1.38106
-0.850236 -1.37696
-0.829542 -1.37251
-0.818879 -1.36615
-0.79994 -1.36152
-0.779862 -1.35564
-0.771709 -1.34783
-0.754207 -1.32874
-0.730527 -1.32412
-0.717185 -1.32343
-0.704373 -1.3159
-0.702656 -1.31095
-0.678863 -1.30629
-0.674142 -1.3028
-0.663681 -1.29179
-0.635983 -1.2857
-0.622368 -1.28212
-0.611041 -1.27603
-0.596994 -1.25873
-0.546642 -1.25598
-0.533199 -1.24991
-0.51348 -1.23945
-0.502649 -1.23343
-0.493702 -1.23262
-0.473604 -1.22996
-0.464967 -1.21905
-0.457224 -1.21076
-0.441093 -1.20098
-0.414568 -1.19281
-0.402778 -1.18588
-0.397043 -1.17338
-0.389012 -1.16523
-0.375339 -1.14757
-0.349173 -1.13287
-0.33341 -1.12602
-0.326784 -1.11685
-0.313207 -1.10997
-0.30205 -1.1003
-0.280707 -1.09035
-0.260746 -1.08411
-0.253443 -1.07547
-0.238775 -1.06928
-0.228563 -1.06207
-0.215873 -1.05703
-0.198847 -1.05202
-0.187842 -1.04248
-0.169117 -1.03496
-0.156468 -1.03126
-0.145305 -1.02444
-0.131623 -1.01465
-0.115203 -1.01698
-0.10425 -1.01003
-0.0951261 -1.00282
-0.0962912 -0.905446
-0.0837285 -0.887025
-0.0490732 -0.878384
-0.0294767 -0.855514
-0.0260702 -0.854155
-0.0104189 -0.848076
-0.0129723 -0.833003
0.00284789 -0.819893
0.0172572 -0.795798
0.0227765 -0.792006
0.0252965 -0.774391
0.03864 -0.75375
0.0488173 -0.735465
0.0561765 -0.717015
0.0631374 -0.707781
0.0776021 -0.700973
0.0898667 -0.698136
0.0938765 -0.689587
0.101731 -0.666247
0.105072 -0.655781
0.112052 -0.641039
0.121383 -0.630405
0.123825 -0.633219
0.135329 -0.623377
0.131541 -0.609438
0.156467 -0.600168
0.164841 -0.591948
0.177703 -0.574237
0.185836 -0.56254
0.202057 -0.547909
0.197987 -0.545021
0.202762 -0.525491
0.215615 -0.503649
0.185041 -0.379063
0.183855 -0.369405
0.184774 -0.357556
0.183124 -0.351207
0.17542 -0.336227
0.176298 -0.322245
0.191262 -0.303897
0.196311 -0.284117
0.207713 -0.266579
0.212227 -0.235758
0.215018 -0.216633
0.21943 -0.207675
0.228088 -0.192188
0.233127 -0.180008
0.241049 -0.173775
0.239864 -0.147353
0.252525 -0.149079
0.26084 -0.138721
0.27132 -0.127804
0.280165 -0.111497
0.278448 -0.101043
0.285533 -0.0784648
0.285802 -0.0707938
0.299968 -0.0516716
0.30107 -0.0212534
0.301654 -0.00403829
0.280627 0.0711747
0.311762 -0.00129074
0.306967 0.00893891
0.286639 0.101299
0.281704 0.122858
0.27498 0.13662
0.279011 0.151385
0.282045 0.160534
0.282556 0.169213
0.282567 0.186772
0.278004 0.204232
0.277009 0.229024
0.27937 0.234358
0.282845 0.246391
0.273875 0.266187
0.269401 0.28279
0.259488 0.307511
0.253263 0.338051
0.25677 0.353877
0.25178 0.370338
0.246108 0.388796
0.240417 0.404538
0.236261 0.413497
0.239069 0.432072
0.240386 0.443813
0.225669 0.457931
0.227965 0.467158
0.226732 0.477222
0.221781 0.483614
0.216377 0.497979
0.202158 0.557997
0.2017 0.575876
0.194782 0.588158
0.193184 0.599021
0.188137 0.61128
0.184325 0.622307
0.188958 0.640886
0.183774 0.65696
0.176017 0.6665
0.166371 0.684579
0.165024 0.702083
0.164462 0.723258
0.159965 0.730075
0.149401 0.751538
0.141435 0.763711
0.128451 0.785654
0.120026 0.799678
0.120954 0.813933
0.117826 0.830712
0.108443 0.846431
0.0965192 0.858289
0.0916722 0.890539
0.0857875 0.898276
0.0795896 0.907136
0.0723056 0.924756
0.0614061 0.936619
0.0535197 0.951144
0.043054 0.953961
0.02602 0.966351
0.0201991 0.979631
0.0111593 0.987926
0.00520748 1.00378
-0.00579359 1.00535
-0.0115625 1.04999
-0.0185915 1.0631
-0.0206927 1.07498
-0.0331557 1.0955
-0.0401183 1.103
-0.0692494 1.10553
-0.077888 1.12607
-0.0853482 1.14203
-0.0886654 1.15084
-0.0990244 1.15689
-0.10626 1.16807
-0.111555 1.17989
-0.120212 1.18998
-0.129947 1.19782
-0.13865 1.19834
-0.148529 1.20505
-0.154994 1.21186
-0.160286 1.22266
-0.165784 1.23116
-0.177883 1.23866
-0.199793 1.25659
-0.210059 1.26917
-0.219936 1.27393
-0.222603 1.28022
-0.23202 1.28667
-0.23664 1.29533
-0.249064 1.30211
-0.261537 1.31059
-0.271415 1.31685
-0.283311 1.32273
-0.294971 1.32889
-0.305685 1.3404
-0.316727 1.35093
-0.32743 1.35597
-0.339576 1.36173
-0.344401 1.3676
-0.355078 1.37445
-0.364505 1.38013
-0.378341 1.38437
-0.388573 1.39218
-0.394412 1.40029
-0.412274 1.41469
-0.420282 1.41758
-0.430426 1.42433
-0.444175 1.42459
-0.454528 1.43076
-0.465317 1.43247
-0.476559 1.4289
-0.482706 1.43909
-0.49566 1.45017
-0.503593 1.45756
-0.505214 1.46949
-0.511991 1.47327
-0.528051 1.47626
-0.561719 1.47335
-0.576029 1.47925
-0.578171 1.47798
-0.591633 1.48177
-0.602658 1.48575
-0.607244 1.48731
-0.614959 1.49533
-0.620756 1.49597
-0.6318 1.49346
-0.627644 1.50275
-0.634066 1.5074
-0.64553 1.51058
-0.651771 1.51046
-0.661149 1.51009
-0.667323 1.50922
-0.666777 1.51878
-0.6535 1.52121
-0.653766 1.57041
-0.655429 1.57369
-0.654531 1.56854
-0.660451 1.57357
-0.661641 1.5732
-0.665015 1.58161
-0.664032 1.5926
-0.676018 1.60007
-0.682112 1.6022
-0.684196 1.60776
-0.691874 1.60758
-0.69337 1.61093
-0.69677 1.60058
-0.705379 1.60917
-0.704607 1.60802
-0.704859 1.60871
-0.713854 1.61201
-0.715228 1.61691
-0.719908 1.61949
-0.729989 1.62429
-0.734705 1.62464
-0.738305 1.6258
-0.743776 1.62104
-0.742129 1.6179
-0.742839 1.62082
-0.744432 1.62217
-0.747764 1.62439
-0.746233 1.62544
-0.741633 1.63134
-0.732202 1.62474
-0.734866 1.62253
-0.74063 1.62462
-0.746098 1.62661
-0.748996 1.62921
-0.746878 1.62475
-0.75319 1.62455
-0.758091 1.62142
-0.764047 1.61495
-0.763384 1.62093
-0.771841 1.62697
-0.777132 1.63043
-0.780742 1.63186
-0.781632 1.63663
-0.78776 1.63238
-0.782262 1.63945
-0.788709 1.64592
-0.795257 1.64867
-0.798409 1.65465
-0.802666 1.65905
-0.805134 1.66046
-0.811398 1.66297
-0.815203 1.6656
-0.819951 1.66486
-0.828193 1.66248
-0.832244 1.66188
-0.843576 1.66093
-0.850117 1.66067
-0.855561 1.66335
-0.850953 1.67112
-0.857798 1.66366
-0.863793 1.67191
-0.86796 1.66637
-0.873626 1.6617
-0.876775 1.65739
-0.882024 1.65602
-0.878947 1.66181
-0.883741 1.66704
-0.88957 1.66602
-0.893114 1.67129
-0.898471 1.6731
-0.902629 1.67578
-0.910891 1.6748
-0.911464 1.66953
-0.908564 1.67605
-0.911605 1.67956
-0.913616 1.68273
-0.92269 1.68183
-0.933837 1.68263
-0.944897 1.68202
-0.947243 1.67697
-0.945979 1.67873
-0.953391 1.67703
-0.960153 1.67455
-0.964132 1.67681
-0.968862 1.67947
-0.971437 1.67601
-0.974613 1.68065
-0.976646 1.6793
-0.979098 1.67495
-0.982934 1.67166
-0.979813 1.66781
-0.981175 1.66836
-0.98382 1.66894
-0.985663 1.67514
-0.988102 1.67157
-0.98797 1.6657
-0.993494 1.6668
-1.00192 1.66294
-1.0024 1.6637
-1.00413 1.66243
-1.00881 1.66297
-1.00818 1.67161
-1.01225 1.67427
-1.0174 1.6775
-1.01581 1.67056
-1.02363 1.6757
-1.02865 1.67301
-1.03147 1.67945
-1.03332 1.67951
-1.0378 1.67864
-1.0426 1.6794
-1.07279 1.67978
-1.07147 1.67612
-1.07832 1.68244
-1.07568 1.67558
-1.08129 1.68319
-1.08345 1.67676
-1.08771 1.68141
-1.08719 1.68148
-1.09606 1.68222
-1.10504 1.67527
-1.1066 1.67542
-1.11166 1.68028
-1.11522 1.68681
-1.11857 1.68089
-1.11884 1.67792
-1.12053 1.68203
-1.12611 1.68105
-1.12962 1.68961
-1.13349 1.69408
-1.13666 1.6908
-1.14639 1.69205
-1.1479 1.68986
-1.1533 1.69177
-1.15756 1.6931
-1.16179 1.69757
-1.16224 1.69425
-1.16493 1.7021
-1.16551 1.70542
-1.16972 1.70326
-1.17404 1.70013
-1.1794 1.70093
-1.18862 1.69748
-1.19316 1.69879
-1.19267 1.7077
-1.19294 1.71009
-1.19601 1.71174
-1.19851 1.71087
-1.20266 1.71343
-1.20361 1.71573
-1.20631 1.71501
-1.20769 1.71461
-1.20814 1.71862
-1.21269 1.7199
-1.21679 1.72129
-1.22402 1.72386
-1.23153 1.72098
-1.23674 1.71875
-1.24022 1.72188
-1.24576 1.72149
-1.24688 1.7257
-1.24934 1.72757
-1.25252 1.72858
-1.25741 1.72885
-1.26231 1.73015
-1.26656 1.72797
-1.27235 1.72879
-1.27837 1.73052
-1.27803 1.72487
-1.28381 1.73011
-1.29277 1.72294
-1.29919 1.72671
-1.31204 1.72973
-1.31736 1.72961
-1.32363 1.7301
-1.32908 1.73408
-1.33147 1.73834
-1.33929 1.74027
-1.34008 1.74012
-1.35458 1.74474
-1.35535 1.74318
-1.36224 1.73847
-1.36516 1.73936
-1.37293 1.74435
-1.37852 1.7433
-1.3847 1.74413
-1.39084 1.73965
-1.39459 1.73932
-1.39951 1.7404
-1.40976 1.74395
-1.41525 1.74717
-1.41835 1.74296
-1.42202 1.74162
-1.42673 1.74305
-1.43046 1.7427
-1.43449 1.74556
-1.4365 1.73894
-1.43634 1.73724
-1.44359 1.73503
-1.4477 1.73165
-1.45628 1.72875
-1.46522 1.73677
-1.47275 1.73897
-1.47828 1.74271
-1.49255 1.74821
-1.49864 1.74457
-1.50561 1.74672
-1.51222 1.74979
-1.51634 1.75303
-1.51989 1.74946
-1.52489 1.75124
-1.53118 1.75112
-1.53819 1.7505
-1.54349 1.75971
-1.54708 1.75539
-1.55453 1.76195
-1.55267 1.7569
-1.56136 1.7583
-1.59471 1.77023
-1.5999 1.76749
-1.60865 1.76929
-1.61081 1.76949
-1.613 1.77106
-1.6174 1.77291
-1.61791 1.77064
-1.62173 1.76679
-1.63272 1.76692
-1.63828 1.76529
-1.6527 1.76529
-1.65392 1.76338
-1.66158 1.76374
-1.66766 1.76171
-1.67265 1.76424
-1.67736 1.76259
-1.67725 1.75558
-1.6809 1.74988
-1.68357 1.74626
-1.68496 1.7458
-1.68953 1.74209
-1.69928 1.74364
-1.70412 1.74317
-1.71326 1.74276
-1.72308 1.74776
-1.72795 1.74406
-1.73317 1.74193
-1.73614 1.74083
-1.73971 1.73845
-1.74513 1.73773
-1.75796 1.73206
-1.77084 1.73894
-1.77406 1.73311
-1.77953 1.73454
-1.7856 1.73443
-1.78886 1.7306
-1.79388 1.72547
-1.81451 1.73536
-1.82082 1.73471
-1.82783 1.73313
-1.8315 1.73119
-1.83447 1.73072
-1.83924 1.73008
-1.84675 1.732
-1.84913 1.73629
-1.85488 1.74768
-1.85733 1.74785
-1.86328 1.74855
-1.86543 1.74492
-1.871 1.74399
-1.87196 1.74364
-1.88099 1.74512
-1.88461 1.74133
-1.88915 1.73741
-1.89406 1.73606
-1.89822 1.73854
-1.90613 1.73221
-1.90684 1.72351
-1.91001 1.72321
-1.91637 1.72028
-1.92611 1.72167
-1.92557 1.71918
-1.93281 1.71521
-1.93801 1.71331
-1.95064 1.71557
-1.95457 1.71256
-1.95547 1.70537
-1.96295 1.70419
-1.96867 1.70499
-1.97142 1.70376
-1.9772 1.69983
-1.98281 1.70407
-1.98808 1.70263
-1.99083 1.7019
-1.99428 1.69875
-2.00005 1.69994
-2.00079 1.6962
-2.00625 1.69393
-2.00793 1.68968
-2.01767 1.69113
-2.02095 1.69012
-2.02213 1.68796
-2.02263 1.68657
-2.03026 1.68794
-2.03526 1.68777
-2.0355 1.68075
-2.03775 1.67661
-2.04099 1.67287
-2.04505 1.67101
-2.04917 1.66627
-2.05068 1.66222
-2.06426 1.66034
-2.07761 1.65696
-2.0822 1.6562
-2.0837 1.65488
-2.092 1.65229
-2.09723 1.64696
-2.10474 1.64278
-2.1075 1.63983
-2.11669 1.63609
-2.13447 1.62718
-2.13727 1.62508
-2.13897 1.62645
-2.14242 1.62419
-2.14875 1.62426
-2.15796 1.62412
-2.16012 1.62037
-2.16918 1.61694
-2.1751 1.61344
-2.18877 1.61419
-2.19064 1.61069
-2.19729 1.61084
-2.20268 1.60726
-2.20824 1.60793
-2.21126 1.60965
-2.21575 1.60805
-2.21946 1.60361
-2.22141 1.59971
-2.2274 1.60068
-2.2323 1.59814
-2.2368 1.59506
-2.24124 1.59589
-2.24144 1.59864
-2.24518 1.59514
-2.24944 1.60146
-2.25587 1.60013
-2.25944 1.59824
-2.26244 1.59522
-2.26617 1.59541
-2.27195 1.59258
-2.2764 1.59158
-2.28399 1.58945
-2.28711 1.58676
-2.30437 1.57523
-2.30835 1.57683
-2.31501 1.571
-2.31665 1.5699
-2.3304 1.56645
-2.33419 1.56247
-2.34952 1.55974
-2.3603 1.55603
-2.36883 1.55359
-2.38122 1.54989
-2.38716 1.55048
-2.39026 1.54969
-2.3986 1.54136
-2.4094 1.5369
-2.41225 1.53163
-2.41863 1.53203
-2.42324 1.52181
-2.43445 1.5181
-2.43166 1.4933
-2.44035 1.49051
-2.44496 1.48389
-2.44932 1.47789
-2.45581 1.47431
-2.46289 1.47565
-2.4671 1.47121
-2.47005 1.47055
-2.47783 1.46784
-2.48699 1.45571
-2.49847 1.45012
-2.50302 1.44959
-2.50976 1.44056
-2.51597 1.43195
-2.52468 1.42762
-2.53335 1.42474
-2.5399 1.42033
-2.54329 1.41458
-2.5503 1.41347
-2.562 1.41425
-2.56643 1.40744
-2.57793 1.39808
-2.58047 1.39411
-2.58821 1.38421
-2.59697 1.37589
-2.59772 1.37527
-2.61318 1.36443
-2.62411 1.3563
-2.62886 1.34548
-2.63523 1.34375
-2.64155 1.33618
-2.65169 1.32925
-2.65792 1.32167
-2.6667 1.31669
-2.68396 1.3059
-2.69359 1.30268
-2.70501 1.29118
-2.71501 1.28269
-2.72195 1.27615
-2.73362 1.26899
-2.74272 1.25465
-2.75436 1.24485
-2.76295 1.24086
-2.77471 1.23199
-2.78589 1.21927
-2.79619 1.20725
-2.80617 1.19762
-2.81365 1.18558
-2.8236 1.1746
-2.82976 1.16184
-2.83536 1.14988
-2.83859 1.13758
-2.84352 1.12348
-2.85199 1.11245
-2.85587 1.10841
-2.86265 1.09986
-2.87098 1.08984
-2.88079 1.07884
-2.88803 1.07256
-2.89432 1.06364
-2.89951 1.05454
-2.91011 1.05053
-2.91764 1.03618
-2.92372 1.00514
-2.9306 0.996558
-2.9338 0.98638
-2.93974 0.980808
-2.94132 0.967326
-2.95589 0.953751
-2.96264 0.944047
-2.96963 0.937252
-2.98578 0.920699
-2.99118 0.911591
-3.00044 0.897243
-3.00595 0.883018
-3.01199 0.872526
-3.01564 0.859522
-3.0284 0.845191
-3.06174 0.839022
-3.06483 0.823446
-3.06362 0.806472
-3.06673 0.796395
-3.07349 0.789831
-3.07909 0.780014
-3.08032 0.767529
-3.09085 0.761439
-3.09269 0.745721
-3.08983 0.734878
-3.10741 0.725521
-3.10156 0.72085
-3.10827 0.710827
-3.11496 0.689121
-3.11928 0.670776
-3.12332 0.668159
-3.12985 0.655578
-3.14068 0.646157
-3.14695 0.635842
-3.1424 0.616185
-3.14591 0.608289
-3.15167 0.593861
-3.15666 0.574923
-3.16704 0.564442
-3.16855 0.552106
-3.17758 0.541562
-3.18483 0.533546
-3.18808 0.52147
-3.18806 0.487593
-3.19073 0.47932
-3.19063 0.471197
-3.19238 0.456427
-3.19381 0.44193
-3.19901 0.418151
-3.2016 0.404393
-3.20263 0.390898
-3.21219 0.365343
-3.21392 0.347279
-3.2185 0.334707
-3.22506 0.323958
-3.23029 0.304298
-3.23522 0.284093
-3.23763 0.269361
-3.23456 0.25346
-3.24187 0.232073
-3.25007 0.221299
-3.25243 0.209276
-3.25046 0.195688
-3.25051 0.173722
-3.25656 0.149535
-3.25464 0.140198
-3.25542 0.127147
-3.24981 0.112056
-3.24932 0.106423
-3.24566 0.0903324
-3.24072 0.0774684
-3.24409 0.0694259
-3.24268 0.0597806
-3.2313 -0.0231931
-3.22941 -0.0341716
-3.22867 -0.0467859
-3.22879 -0.0553871
-3.22816 -0.0653139
-3.22586 -0.0780238
-3.22385 -0.097493
-3.22735 -0.111269
-3.23202 -0.118465
-3.22986 -0.125697
-3.21985 -0.139076
-3.21766 -0.157078
-3.21979 -0.194049
-3.21699 -0.209631
-3.21463 -0.226621
-3.20784 -0.23972
-3.20111 -0.243999
-3.19787 -0.260008
-3.18771 -0.274148
-3.18557 -0.299114
-3.18428 -0.30918
-3.18779 -0.324965
-3.18749 -0.345622
-3.18082 -0.359878
-3.17382 -0.370474
-3.17446 -0.378052
-3.16889 -0.388528
-3.17096 -0.398791
-3.1663 -0.412344
-3.15833 -0.42557
-3.15605 -0.436792
-3.15014 -0.459806
-3.14321 -0.495452
-3.13538 -0.507779
-3.12399 -0.514458
-3.12138 -0.522827
-3.12706 -0.533032
-3.11788 -0.547085
-3.1168 -0.556831
-3.10484 -0.575991
-3.10264 -0.588105
-3.10177 -0.597225
-3.09845 -0.609197
-3.02742 -0.62579
-3.02245 -0.636042
-3.02137 -0.64959
-3.01409 -0.666218
-3.00662 -0.676662
-3.00561 -0.690488
-2.99237 -0.690253
-2.98249 -0.696606
-2.97697 -0.704078
-2.9704 -0.713722
-2.96382 -0.71752
-2.96144 -0.726955
-2.96006 -0.734465
-2.96397 -0.747278
-2.94965 -0.758374
-2.94497 -0.779323
-2.9473 -0.779977
-2.93415 -0.791433
-2.93521 -0.8085
-2.92889 -0.818426
-2.92109 -0.832181
-2.91201 -0.853012
-2.90592 -0.865953
-2.90053 -0.86995
-2.89399 -0.87319
-2.87651 -0.880705
-2.86698 -0.882798
-2.87269 -0.885668
-2.86907 -0.891026
-2.86259 -0.900736
-2.85128 -0.915551
-2.83733 -0.923785
-2.82989 -0.923533
-2.84147 -0.929952
-2.84837 -0.935929
-2.81608 -1.06775
-2.82736 -1.06703
-2.81559 -1.07625
-2.8109 -1.08332
-2.80858 -1.08765
-2.79585 -1.09808
-2.78743 -0.967307
-2.78116 -1.10444
-2.76878 -1.11203
-2.76004 -1.1058
-2.73869 -1.11448
-2.72815 -1.12554
-2.7193 -1.13225
-2.71681 -1.14268
-2.71133 -1.14506
-2.70472 -1.14934
-2.69138 -1.14195
-2.67129 -1.13279
-2.6536 -1.1421
-2.64504 -1.15175
-2.63747 -1.15905
-2.64022 -1.16716
-2.63714 -1.17268
-2.6227 -1.18169
-2.6155 -1.19268
-2.6086 -1.19778
-2.6008 -1.19589
-2.59778 -1.22689
-2.5854 -1.25111
-2.51364 -1.25943
-2.50766 -1.26881
-2.48462 -1.28251
-2.47815 -1.30015
-2.47199 -1.30539
-2.46089 -1.31161
-2.45547 -1.31232
-2.44187 -1.31698
-2.42774 -1.33317
-2.41169 -1.33356
-2.40324 -1.34323
-2.39119 -1.34881
-2.37359 -1.3573
-2.36502 -1.35544
-2.35563 -1.35317
-2.34192 -1.36068
-2.33148 -1.37161
-2.32008 -1.37114
-2.31562 -1.37267
-2.30076 -1.37301
-2.28818 -1.37762
-2.27556 -1.39309
-2.25928 -1.3934
-2.24801 -1.39335
-2.24188 -1.39402
-2.21394 -1.40421
-2.20096 -1.39917
-2.18939 -1.40649
-2.18471 -1.41535
-2.17531 -1.41406
-2.15576 -1.41259
-2.14141 -1.42429
-2.12709 -1.43744
-2.11164 -1.43728
-2.10135 -1.44257
-2.08829 -1.4462
-2.08082 -1.45075
-2.07585 -1.44967
-2.01904 -1.5071
-2.0071 -1.46205
-1.99168 -1.51086
-1.98018 -1.45989
-1.97158 -1.50956
-1.95662 -1.51384
-1.9465 -1.51699
-1.93758 -1.52027
-1.92283 -1.52237
-1.91343 -1.52042
-1.90285 -1.52044
-1.89158 -1.51815
-1.88196 -1.5175
-1.86887 -1.51621
-1.85346 -1.52004
-1.83891 -1.51453
-1.82116 -1.52278
-1.81543 -1.52435
-1.80459 -1.52283
-1.78395 -1.531
-1.75531 -1.53511
-1.73891 -1.54008
-1.72603 -1.54385
-1.70981 -1.53838
-1.69565 -1.55063
-1.68233 -1.55128
-1.67088 -1.55396
-1.65825 -1.55534
-1.64876 -1.55203
-1.63939 -1.55212
-1.6279 -1.5492
-1.59912 -1.56345
-1.59365 -1.55669
-1.5797 -1.56647
-1.5324 -1.56397
-1.53045 -1.5645
-1.5198 -1.55576
-1.49888 -1.5543
-1.48557 -1.55137
-1.47538 -1.54855
-1.46122 -1.54632
-1.45221 -1.54272
-1.4446 -1.54472
-1.4338 -1.54453
-1.4229 -1.54462
-1.41594 -1.54291
-1.38484 -1.53739
-1.35731 -1.53356
-1.33631 -1.53294
-1.32411 -1.53399
-1.30946 -1.53296
-1.29611 -1.53498
-1.27774 -1.53241
-1.26411 -1.53379
-1.24304 -1.53381
-1.23698 -1.53259
-1.22568 -1.53017
-1.19366 -1.5273
-1.17785 -1.53405
-1.16751 -1.52886
-1.15593 -1.52533
-1.14413 -1.52875
-1.13033 -1.52562
-1.12285 -1.46368
-1.11101 -1.46269
-1.09662 -1.46694
-1.06876 -1.5134
-1.03176 -1.45333
-1.00902 -1.50319
-0.996159 -1.45209
-0.983302 -1.49356
-0.969235 -1.44787
-0.956723 -1.44717
-0.948163 -1.43466
-0.93378 -1.43925
-0.921546 -1.42665
-0.910358 -1.41421
-0.89224 -1.4122
-0.885435 -1.40543
-0.869481 -1.40363
-0.847004 -1.40017
-0.837037 -1.39204
-0.805363 -1.38498
-0.801853 -1.38178
-0.786693 -1.37411
-0.77912 -1.36544
-0.770894 -1.36085
-0.747058 -1.35935
-0.733061 -1.35837
-0.727675 -1.34868
-0.713152 -1.33857
-0.713415 -1.33738
-0.695815 -1.3275
-0.687143 -1.32196
-0.666426 -1.31307
-0.649415 -1.30647
-0.642846 -1.30573
-0.61969 -1.30159
-0.609151 -1.2948
-0.596992 -1.28537
-0.589077 -1.27587
-0.574733 -1.26287
-0.542435 -1.25383
-0.524522 -1.23331
-0.51806 -1.22759
-0.497444 -1.21415
-0.47642 -1.21277
-0.463367 -1.20206
-0.447391 -1.19631
-0.438717 -1.18969
-0.422468 -1.18672
-0.392667 -1.17608
-0.381879 -1.16829
-0.364917 -1.16087
-0.359309 -1.15572
-0.342764 -1.14585
-0.332126 -1.13688
-0.32163 -1.13229
-0.315918 -1.12823
-0.307782 -1.11374
-0.300313 -1.0962
-0.289211 -1.07845
-0.282592 -1.0674
-0.274342 -1.06544
-0.26597 -1.06443
-0.257737 -1.04528
-0.252123 -1.04324
-0.242939 -1.03184
-0.232609 -1.02033
-0.221405 -1.01918
-0.210886 -0.940912
-0.201682 -0.934857
-0.189124 -0.928385
-0.177342 -0.928043
-0.170909 -0.922386
-0.15804 -0.910588
-0.152135 -0.895642
-0.149201 -0.894276
-0.138156 -0.881208
-0.129276 -0.869242
-0.106445 -0.847864
-0.103548 -0.834381
-0.089711 -0.817966
-0.0456683 -0.822096
-0.0403736 -0.817053
-0.0308848 -0.793087
-0.026406 -0.784112
-0.0232363 -0.778008
-0.0189801 -0.764666
-0.00342609 -0.750943
0.00506339 -0.733646
0.0223731 -0.718942
0.0301926 -0.710787
0.0337591 -0.703604
0.0439301 -0.683744
0.0570898 -0.66676
0.0660268 -0.648519
0.068555 -0.641758
0.0692679 -0.630654
0.0784718 -0.618562
0.0849926 -0.59661
0.0938788 -0.586562
0.0996905 -0.573812
0.10282 -0.557638
0.105721 -0.545753
0.11596 -0.544021
0.121168 -0.476884
0.126818 -0.467431
0.129639 -0.46077
0.137239 -0.443933
0.147056 -0.434832
0.149949 -0.421035
0.152871 -0.40106
0.15005 -0.397444
0.15087 -0.386191
0.160329 -0.366938
0.166521 -0.351908
0.172253 -0.333317
0.16479 -0.329889
0.16847 -0.312226
0.1778 -0.301005
0.179844 -0.288324
0.200687 -0.280628
0.196135 -0.261817
0.205202 -0.242479
0.213238 -0.225326
0.216323 -0.210215
0.228222 -0.199014
0.241505 -0.188429
0.24314 -0.179374
0.250791 -0.16125
0.260205 -0.145947
0.252567 -0.121751
0.258142 -0.106003
0.256585 -0.0948047
0.256579 -0.0765931
0.265448 -0.0573918
0.267993 -0.0473063
0.275573 -0.0374838
0.288792 -0.0166913
0.29046 -0.00693698
0.301596 0.0308488
0.302175 0.0482921
0.303338 0.0597744
0.301743 0.0739626
0.311691 0.0882504
0.319913 0.0994376
0.313579 0.113445
0.323905 0.125672
0.331355 0.14259
0.335877 0.157353
0.343826 0.174655
0.340806 0.185414
0.339856 0.197513
0.346026 0.212197
0.354879 0.223389
0.351705 0.232954
0.350366 0.244281
0.348964 0.253197
0.342947 0.27623
0.341729 0.284548
0.353139 0.296367
0.351035 0.306826
0.352606 0.32127
0.346832 0.338298
0.353753 0.352561
0.352218 0.36338
0.346338 0.371654
0.343633 0.383493
0.347195 0.398734
0.343191 0.412203
0.338633 0.435782
0.33598 0.45071
0.330443 0.462157
0.323428 0.477618
0.324261 0.487992
0.319467 0.495958
0.321294 0.503947
0.315868 0.511129
0.297706 0.547966
0.294706 0.559485
0.283881 0.574929
0.279511 0.600039
0.276849 0.6102
0.277428 0.620853
0.271267 0.63832
0.265561 0.650947
0.259854 0.658924
0.256546 0.670341
0.25026 0.681605
0.242825 0.692897
0.236404 0.705525
0.236936 0.714758
0.232469 0.720797
0.225604 0.72918
0.216891 0.744841
0.213163 0.756031
0.204376 0.771738
0.199306 0.780232
0.197778 0.793179
0.191904 0.808679
0.17904 0.820868
0.171834 0.830198
0.16595 0.839317
0.157508 0.851475
0.148431 0.860213
0.140973 0.867069
0.131949 0.879929
0.121681 0.888004
0.113898 0.895331
0.10469 0.906844
0.0963689 0.915666
0.0893794 0.925624
0.0813321 0.933785
0.0733733 0.936384
0.0512138 0.959493
0.0431301 0.972606
0.0388209 0.976795
0.0269553 0.993896
0.0225192 1.02801
0.0172287 1.03482
0.0106026 1.0426
0.00840368 1.05453
0.00116806 1.06294
-0.005314 1.08005
-0.0127504 1.09839
-0.0298817 1.11335
-0.0384071 1.12053
-0.0439091 1.12669
-0.0703332 1.13901
-0.0783793 1.14216
-0.0885049 1.15012
-0.0963022 1.15619
-0.103352 1.17143
-0.109212 1.17673
-0.119113 1.18337
-0.12916 1.19221
-0.138888 1.20102
-0.152974 1.20863
-0.173387 1.22377
-0.184176 1.24126
-0.197232 1.24892
-0.207209 1.25494
-0.214311 1.26077
-0.225468 1.26896
-0.237857 1.27652
-0.24567 1.27938
-0.253289 1.28312
-0.262812 1.2874
-0.268154 1.29364
-0.283293 1.30353
-0.294185 1.311
-0.303598 1.33216
-0.318268 1.33977
-0.333913 1.34118
-0.346475 1.35103
-0.356104 1.3563
-0.368055 1.3706
-0.384318 1.3756
-0.394091 1.37591
-0.40095 1.38263
-0.410235 1.38069
-0.418661 1.38695
-0.432068 1.39901
-0.437136 1.40379
-0.45198 1.41387
-0.45984 1.41459
-0.46702 1.42027
-0.480597 1.429
-0.49772 1.42764
-0.50177 1.43891
-0.524575 1.44215
-0.560875 1.4398
-0.576019 1.45306
-0.583678 1.46117
-0.597889 1.46021
-0.607447 1.46799
-0.618056 1.47174
-0.633642 1.4748
-0.641199 1.47951
-0.652507 1.48519
-0.665576 1.48621
-0.672269 1.4897
-0.686575 1.50191
-0.694782 1.50132
-0.707562 1.53114
-0.724783 1.49782
-0.73819 1.50144
-0.748131 1.53779
-0.756567 1.54789
-0.770084 1.55933
-0.780529 1.55916
-0.79388 1.56052
-0.816651 1.56587
-0.829494 1.56408
-0.841322 1.56478
-0.853048 1.5703
-0.860041 1.57276
-0.869222 1.5751
-0.880285 1.57645
-0.887308 1.57701
-0.897969 1.58505
-0.91644 1.58032
-0.927411 1.58112
-0.940682 1.5799
-0.952733 1.57756
-0.962859 1.57961
-0.975552 1.5777
-0.983519 1.58181
-0.991344 1.58152
-0.998002 1.58334
-1.00438 1.58672
-1.01107 1.58613
-1.01723 1.5847
-1.03174 1.58815
-1.04488 1.58987
-1.07434 1.6015
-1.07954 1.60307
-1.09523 1.60093
-1.10742 1.60369
-1.11672 1.60359
-1.13157 1.60066
-1.14236 1.60554
-1.16214 1.60594
-1.17658 1.61204
-1.19059 1.61191
-1.19946 1.61002
-1.21063 1.60704
-1.23009 1.60988
-1.24182 1.60726
-1.25779 1.60928
-1.27297 1.61017
-1.28384 1.60915
-1.29861 1.60872
-1.30778 1.60643
-1.32751 1.60685
-1.36106 1.6165
-1.37185 1.6185
-1.38701 1.61543
-1.39723 1.61328
-1.41554 1.6215
-1.4339 1.6229
-1.45314 1.62009
-1.46193 1.62124
-1.47235 1.61663
-1.48445 1.61463
-1.49992 1.61898
-1.51064 1.62197
-1.51865 1.61802
-1.52781 1.61929
-1.53576 1.62353
-1.55774 1.62666
-1.57807 1.62649
-1.58772 1.62233
-1.60227 1.61834
-1.61747 1.61126
-1.635 1.61711
-1.64797 1.61294
-1.66193 1.6086
-1.6801 1.60854
-1.68503 1.59646
-1.70429 1.59129
-1.71792 1.59204
-1.73209 1.5896
-1.74656 1.58124
-1.75711 1.57391
-1.76815 1.57072
-1.78266 1.56446
-1.79262 1.55599
-1.8064 1.55442
-1.82097 1.5477
-1.83599 1.54402
-1.84772 1.53682
-1.86071 1.53464
-1.87519 1.53009
-1.88349 1.52561
-1.90232 1.52417
-1.91105 1.52082
-1.92755 1.51664
-1.94353 1.51774
-1.96137 1.51809
-1.97469 1.51357
-1.99337 1.50084
-2.00459 1.50121
-2.00883 1.49594
-2.01912 1.49024
-2.02857 1.48936
-2.03512 1.48382
-2.04404 1.47683
-2.0828 1.47856
-2.088 1.4672
-2.09924 1.45521
-2.11077 1.45408
-2.12102 1.44831
-2.13039 1.45023
-2.14756 1.4518
-2.15786 1.44764
-2.17128 1.44232
-2.18924 1.43426
-2.20176 1.43073
-2.21548 1.42598
-2.2311 1.41879
-2.2415 1.40923
-2.24577 1.40533
-2.25817 1.40004
-2.26385 1.39436
-2.27562 1.39204
-2.28974 1.38621
-2.30015 1.37987
-2.31469 1.37455
-2.32564 1.36785
-2.33894 1.3587
-2.35203 1.3556
-2.36375 1.34663
-2.37539 1.33525
-2.38196 1.32581
-2.39406 1.31818
-2.41363 1.30858
-2.42602 1.3033
-2.44416 1.28723
-2.45945 1.28395
-2.47431 1.2771
-2.49697 1.26953
-2.50904 1.26277
-2.51941 1.25089
-2.52224 1.24203
-2.52722 1.23754
-2.53334 1.22506
-2.56052 1.22009
-2.56488 1.20839
-2.57359 1.19599
-2.58847 1.18532
-2.59348 1.178
-2.60134 1.16907
-2.61403 1.15772
-2.63091 1.15131
-2.64407 1.13783
-2.65454 1.12978
-2.66216 1.11972
-2.6788 1.11184
-2.69189 1.11115
-2.70267 1.10252
-2.71033 1.09508
-2.7273 1.0859
-2.74033 1.07739
-2.75087 1.06274
-2.75939 1.0546
-2.77481 1.04402
-2.78535 1.00814
-2.793 1.0291
-2.80336 0.995113
-2.8105 0.987654
-2.82315 0.978813
-2.8367 0.968456
-2.83663 0.960825
-2.8542 0.942571
-2.86655 0.934551
-2.87432 0.925306
-2.88001 0.908753
-2.88819 0.900096
-2.89629 0.888388
-2.90399 0.879945
-2.91009 0.86798
-2.91244 0.859234
-2.91587 0.846188
-2.92509 0.836821
-2.93169 0.829078
-2.94343 0.816437
-2.95442 0.80725
-2.96155 0.795457
-2.96853 0.787535
-2.9776 0.775392
-2.98706 0.761169
-2.98777 0.746175
-3.00004 0.738954
-3.00705 0.731147
-3.0241 0.724545
-3.02542 0.71744
-3.03185 0.718927
-3.036 0.708768
-3.04223 0.698008
-3.0522 0.68688
-3.06371 0.68922
-3.05386 0.67513
-3.05252 0.668029
-3.06665 0.658078
-3.07266 0.649434
-3.0732 0.63811
-3.07351 0.626758
-3.08308 0.62291
-3.09326 0.611892
-3.09571 0.595971
-3.10017 0.584885
-3.10343 0.580389
-3.10444 0.570403
-3.11471 0.564615
-3.12074 0.55631
-3.12222 0.549773
-3.126 0.543067
-3.13106 0.534528
-3.13496 0.524772
-3.13052 0.483451
-3.13651 0.474598
-3.14691 0.469533
-3.1469 0.463464
-3.15084 0.453479
-3.15495 0.441546
-3.15847 0.43191
-3.15734 0.42265
-3.15803 0.410678
-3.16021 0.399562
-3.16222 0.386438
-3.1599 0.375339
-3.16407 0.365909
-3.15718 0.357869
-3.16841 0.345765
-3.17031 0.332427
-3.18079 0.329153
-3.18033 0.310154
-3.18393 0.29839
-3.18483 0.286382
-3.18718 0.275802
-3.18926 0.255571
-3.18335 0.24028
-3.1769 0.227776
-3.18099 0.211882
-3.17789 0.20261
-3.18742 0.189003
-3.17848 0.175909
-3.18177 0.159746
-3.17609 0.149291
-3.17273 0.136368
-3.1779 0.124499
-3.17321 0.111753
-3.17585 0.100277
-3.16851 0.0950994
-3.17063 0.0701573
-3.17975 0.0522114
-3.17184 -0.0220951
-3.16801 -0.0326688
-3.15699 -0.0543257
-3.15808 -0.0662362
-3.15392 -0.0766521
-3.15314 -0.0953469
-3.15176 -0.106191
-3.15261 -0.124399
-3.15417 -0.135534
-3.15647 -0.146392
-3.16321 -0.171704
-3.15019 -0.193703
-3.1428 -0.215228
-3.13587 -0.237631
-3.1375 -0.246208
-3.12634 -0.256367
-3.12951 -0.277444
-3.12649 -0.277037
-3.11844 -0.286295
-3.11569 -0.304657
-3.10843 -0.326482
-3.10515 -0.330166
-3.10238 -0.33925
-3.09902 -0.346344
-3.10226 -0.376514
-3.09884 -0.387616
-3.08968 -0.399871
-3.08023 -0.395
-3.08681 -0.423086
-3.08672 -0.429205
-3.08503 -0.441136
-3.08016 -0.450688
-3.01601 -0.457948
-3.01927 -0.508268
-3.00677 -0.524911
-3.00223 -0.54178
-2.996 -0.559173
-2.98368 -0.582234
-2.98674 -0.60386
-2.97921 -0.61968
-2.98796 -0.616159
-2.98512 -0.637306
-2.97592 -0.659174
-2.96271 -0.680775
-2.96613 -0.702972
-2.95014 -0.718481
-2.93905 -0.726835
-2.93437 -0.735359
-2.92699 -0.743423
-2.92875 -0.755095
-2.91638 -0.76984
-2.91554 -0.784915
-2.90482 -0.793829
-2.90692 -0.789845
-2.90852 -0.810571
-2.90034 -0.823202
-2.90207 -0.845078
-2.89474 -0.850915
-2.88594 -0.847155
-2.87482 -0.863858
-2.87668 -0.860319
-2.86529 -0.865047
-2.86623 -0.874189
-2.85545 -0.882372
-2.85281 -0.889378
-2.85642 -0.903435
-2.84773 -0.90548
-2.84124 -0.907123
-2.83481 -0.906463
-2.8244 -0.911884
-2.82066 -0.914633
-2.82055 -0.905394
-2.78085 -1.05077
-2.81278 -0.918011
-2.8177 -0.933325
-2.8123 -0.939746
-2.80768 -0.94497
-2.80356 -0.9403
-2.75016 -1.08983
-2.74175 -1.09575
-2.74519 -1.11334
-2.73192 -1.11618
-2.73106 -1.1255
-2.73757 -1.13844
-2.73243 -1.14011
-2.71225 -1.15406
-2.71277 -1.155
-2.71412 -1.15962
-2.70421 -1.16042
-2.69507 -1.16668
-2.69 -1.17165
-2.69409 -1.17081
-2.68221 -1.17568
-2.66643 -1.17755
-2.66089 -1.18921
-2.65691 -1.20606
-2.65081 -1.2131
-2.64386 -1.21843
-2.64398 -1.21876
-2.61671 -1.23567
-2.61018 -1.25773
-2.6103 -1.25345
-2.60247 -1.26008
-2.5885 -1.26789
-2.58901 -1.26284
-2.52934 -1.30021
-2.52335 -1.30126
-2.50542 -1.31877
-2.4962 -1.32124
-2.48982 -1.32547
-2.47605 -1.32917
-2.45464 -1.34391
-2.43662 -1.34839
-2.41736 -1.35758
-2.41191 -1.3719
-2.38491 -1.38474
-2.36621 -1.40095
-2.34452 -1.40005
-2.331 -1.41144
-2.32978 -1.40818
-2.31558 -1.41116
-2.29577 -1.47479
-2.29765 -1.41692
-2.26947 -1.49504
-2.28151 -1.41881
-2.27067 -1.42379
-2.24364 -1.50704
-2.23654 -1.5033
-2.21929 -1.51339
-2.20131 -1.51733
-2.19415 -1.51645
-2.17244 -1.51369
-2.16463 -1.51096
-2.14753 -1.51226
-2.13676 -1.51455
-2.12713 -1.52037
-2.11296 -1.52911
-2.10878 -1.52093
-2.09525 -1.52912
-2.08204 -1.52547
-2.08171 -1.53203
-2.02177 -1.54931
-2.00325 -1.55374
-1.98527 -1.55332
-1.9818 -1.55464
-1.96307 -1.55487
-1.95195 -1.55386
-1.93746 -1.5551
-1.92676 -1.55851
-1.90079 -1.56479
-1.87226 -1.56738
-1.85862 -1.56926
-1.8429 -1.57458
-1.83227 -1.57177
-1.82018 -1.56444
-1.80624 -1.56647
-1.78134 -1.57218
-1.77222 -1.57614
-1.75741 -1.57781
-1.74274 -1.5813
-1.72734 -1.5805
-1.71243 -1.58298
-1.69868 -1.58186
-1.68848 -1.58411
-1.67735 -1.58595
-1.66048 -1.5876
-1.65231 -1.58715
-1.64674 -1.58795
-1.63636 -1.59511
-1.62125 -1.59152
-1.6077 -1.58972
-1.59549 -1.58327
-1.59109 -1.57972
-1.58833 -1.57481
-1.48696 -1.58763
-1.47206 -1.5862
-1.45146 -1.58163
-1.43534 -1.57901
-1.42303 -1.57684
-1.41131 -1.57875
-1.39607 -1.57771
-1.38556 -1.58118
-1.36356 -1.58249
-1.34445 -1.57933
-1.3289 -1.57733
-1.31052 -1.57551
-1.29397 -1.57164
-1.27798 -1.57683
-1.26613 -1.57405
-1.24775 -1.56895
-1.23121 -1.56744
-1.21541 -1.56551
-1.20077 -1.56652
-1.1803 -1.56196
-1.16339 -1.56115
-1.14675 -1.56213
-1.12878 -1.56101
-1.03382 -1.57511
-1.02321 -1.56578
-1.00861 -1.5602
-1.00278 -1.55122
-0.99101 -1.54245
-0.983608 -1.54691
-0.97599 -1.54445
-0.963904 -1.54127
-0.955932 -1.53959
-0.95461 -1.49609
-0.932811 -1.49057
-0.915676 -1.48936
-0.894463 -1.49157
-0.877151 -1.49014
-0.856296 -1.49915
-0.854319 -1.48574
-0.836239 -1.48832
-0.829288 -1.47781
-0.801774 -1.50673
-0.782335 -1.50786
-0.764569 -1.50353
-0.754921 -1.50819
-0.734541 -1.50039
-0.720701 -1.49478
-0.70363 -1.49039
-0.689104 -1.48316
-0.66911 -1.46205
-0.654225 -1.44871
-0.637166 -1.4467
-0.631155 -1.43855
-0.630754 -1.42452
-0.619661 -1.42158
-0.604708 -1.42058
-0.598869 -1.4167
-0.585811 -1.40225
-0.584748 -1.39721
-0.579158 -1.39377
-0.525165 -1.3897
-0.508438 -1.37175
-0.499985 -1.36309
-0.492332 -1.35269
-0.479076 -1.34963
-0.46219 -1.33921
-0.450281 -1.33424
-0.44798 -1.32208
-0.428534 -1.31549
-0.42438 -1.30691
-0.416728 -1.2995
-0.412815 -1.28904
-0.399994 -1.28656
-0.384453 -1.27532
-0.373069 -1.26352
-0.364439 -1.25028
-0.347434 -1.23312
-0.340121 -1.22893
-0.333667 -1.2257
-0.317685 -1.22081
-0.311191 -1.21729
-0.308845 -1.21132
-0.295612 -1.20113
-0.28264 -1.19391
-0.272855 -1.18548
-0.258684 -1.17886
-0.242837 -1.17453
-0.231343 -1.16781
-0.217569 -1.16958
-0.207383 -1.14974
-0.198275 -1.14796
-0.192912 -1.13368
-0.178533 -1.12639
-0.167602 -1.11451
-0.161355 -1.10816
-0.164222 -1.09411
-0.152395 -1.07862
-0.127892 -1.06092
-0.116403 -1.04666
-0.111691 -1.03208
-0.103674 -1.01597
-0.0919561 -0.991278
-0.077458 -0.934278
-0.0156278 -0.915242
-0.00726116 -0.903388
0.00263519 -0.892842
0.0131658 -0.879565
0.017784 -0.869564
0.0361111 -0.845008
0.0359525 -0.831554
0.042833 -0.820068
0.0454107 -0.808224
0.058931 -0.79812
0.0775252 -0.784715
0.0847411 -0.7745
0.091264 -0.759533
0.0977992 -0.738919
0.112248 -0.721117
0.120487 -0.715883
0.132376 -0.706213
0.137425 -0.688575
0.146946 -0.662727
0.162549 -0.644616
0.170803 -0.625884
0.187771 -0.614693
0.202927 -0.602081
0.211658 -0.584168
0.216942 -0.570778
0.228869 -0.55377
0.236671 -0.542191
0.234421 -0.527829
0.247066 -0.514353
0.260233 -0.460312
0.269272 -0.450726
0.270953 -0.43829
0.276229 -0.423922
0.276896 -0.416935
0.290659 -0.403203
0.285538 -0.392312
0.288705 -0.369034
0.308109 -0.3622
0.304404 -0.354072
0.307074 -0.329119
0.316418 -0.311404
0.323886 -0.294858
0.329316 -0.271267
0.333719 -0.260273
0.342331 -0.24306
0.340448 -0.239313
0.347878 -0.223805
0.346345 -0.202176
0.35927 -0.183126
0.361272 -0.17295
0.362174 -0.160494
0.367469 -0.143809
0.369879 -0.125182
0.37155 -0.116692
0.36929 -0.104471
0.380088 -0.0924939
0.380046 -0.081069
0.378672 -0.072676
0.377779 -0.051029
0.376155 -0.0418981
0.373496 -0.0261996
0.379953 -0.0183439
0.386635 0.0189023
0.382638 0.0355
0.382369 0.0406236
0.37879 0.0529251
0.378065 0.0566399
0.381424 0.0691545
0.392068 0.0798023
0.389316 0.0912155
0.388574 0.113287
0.389045 0.120107
0.387251 0.139634
0.388998 0.153989
0.389025 0.172457
0.393598 0.180663
0.391823 0.191026
0.38985 0.202599
0.39167 0.216189
0.39532 0.234283
0.396658 0.241478
0.395578 0.259872
0.393946 0.271742
0.398964 0.282881
0.403426 0.302832
0.39998 0.31896
0.395129 0.330533
0.396112 0.340355
0.393091 0.351146
0.390519 0.360949
0.387107 0.376482
0.394011 0.389613
0.389596 0.405478
0.380751 0.423354
0.374558 0.436451
0.373243 0.447923
0.362514 0.456893
0.36331 0.471732
0.356859 0.482805
0.355785 0.505977
0.349857 0.511109
0.34125 0.534944
0.335935 0.545355
0.329396 0.553071
0.327667 0.568466
0.315102 0.577955
0.304842 0.592945
0.298501 0.605551
0.293803 0.621741
0.289799 0.634514
0.285183 0.642618
0.280806 0.651807
0.276837 0.66013
0.267725 0.671962
0.259285 0.688697
0.255494 0.695012
0.25302 0.709218
0.247019 0.717408
0.241024 0.72639
0.237023 0.733468
0.232408 0.744945
0.227031 0.754946
0.216551 0.769853
0.212614 0.777239
0.20556 0.789527
0.206955 0.801415
0.200079 0.809271
0.190079 0.820769
0.181016 0.831554
0.173099 0.846871
0.159275 0.860869
0.149361 0.876411
0.143158 0.893384
0.135901 0.907742
0.123431 0.919185
0.114513 0.93663
0.10576 0.947767
0.0980364 0.955074
0.0900951 0.968137
0.0821464 0.98482
0.0716323 0.995235
0.0648091 0.999254
0.0549954 1.00932
0.0421378 1.02781
0.0302518 1.0344
0.0238876 1.04191
0.0091971 1.05835
0.00631948 1.06616
-0.00408814 1.07842
-0.0106777 1.08727
-0.016629 1.09202
-0.0291244 1.1085
-0.0670936 1.12443
-0.0689332 1.13022
-0.0750811 1.14377
-0.0880541 1.15379
-0.0955961 1.16672
-0.101909 1.17258
-0.110794 1.17741
-0.127553 1.18892
-0.139746 1.19861
-0.150323 1.2012
-0.167219 1.22219
-0.180985 1.23934
-0.18875 1.24577
-0.20217 1.25418
-0.211388 1.25886
-0.222216 1.26212
-0.230819 1.26852
-0.239217 1.27273
-0.259595 1.28256
-0.278659 1.29116
-0.289968 1.2976
-0.302875 1.31112
-0.314256 1.31727
-0.325803 1.32207
-0.33267 1.32489
-0.346063 1.33713
-0.3628 1.34485
-0.370852 1.35122
-0.387679 1.35994
-0.408108 1.36878
-0.417199 1.37193
-0.429085 1.3851
-0.434846 1.38731
-0.449812 1.39199
-0.457999 1.3935
-0.472609 1.40221
-0.484346 1.40998
-0.497026 1.41126
-0.503768 1.42379
-0.517117 1.42618
-0.536035 1.43169
-0.547046 1.43903
-0.581824 1.43927
-0.592769 1.4429
-0.605571 1.44649
-0.617206 1.45353
-0.640077 1.46012
-0.648784 1.46319
-0.663525 1.47242
-0.678949 1.47594
-0.705102 1.48674
-0.720455 1.49075
-0.738258 1.49865
-0.749599 1.50356
-0.760527 1.50296
-0.775595 1.50961
-0.793236 1.51345
-0.810727 1.52077
-0.821604 1.54296
-0.836403 1.53963
-0.846799 1.54755
-0.866447 1.55394
-0.89003 1.5611
-0.901288 1.56713
-0.912041 1.56439
-0.924948 1.56847
-0.936314 1.57145
-0.946362 1.5743
-0.962699 1.56746
-0.972986 1.56633
-0.987459 1.56359
-0.995478 1.56627
-1.0091 1.56498
-1.02167 1.56803
-1.03376 1.56846
-1.04384 1.56731
-1.08902 1.57695
-1.107 1.57702
-1.12303 1.57137
-1.13993 1.56786
-1.15916 1.57249
-1.16953 1.5756
-1.18973 1.57289
-1.20615 1.57069
-1.23111 1.57102
-1.26177 1.56595
-1.28467 1.56771
-1.29879 1.5627
-1.31497 1.56069
-1.32676 1.55754
-1.36061 1.54822
-1.38605 1.54659
-1.40827 1.54717
-1.42057 1.53843
-1.43903 1.52679
-1.45995 1.52279
-1.46626 1.50176
-1.47717 1.49876
-1.4852 1.49492
-1.5084 1.49312
-1.52654 1.51725
-1.68405 1.49125
-1.7066 1.48811
-1.73034 1.476
-1.75734 1.46276
-1.77895 1.45252
-1.80888 1.44334
-1.83978 1.43706
-1.86431 1.43214
-1.88666 1.41893
-1.91241 1.41348
-1.94072 1.39568
-1.96406 1.38212
-2.05443 1.37497
-2.06943 1.36267
-2.09074 1.35765
-2.10878 1.34357
-2.11537 1.33104
-2.13612 1.32253
-2.15184 1.31012
-2.1667 1.30022
-2.17957 1.29155
-2.20172 1.27938
-2.21392 1.26798
-2.22921 1.2564
-2.24815 1.24609
-2.26719 1.23325
-2.28805 1.22512
-2.30543 1.21145
-2.32203 1.1962
-2.34009 1.18818
-2.35547 1.17974
-2.37259 1.17459
-2.38467 1.16501
-2.40294 1.15237
-2.4188 1.13954
-2.43212 1.11938
-2.44161 1.1081
-2.45448 1.09301
-2.47443 1.08426
-2.48174 1.07067
-2.49571 1.06056
-2.50911 1.04551
-2.52467 1.04229
-2.53919 1.02261
-2.56016 0.981471
-2.56779 0.972273
-2.57767 0.960685
-2.58984 0.944242
-2.6009 0.931477
-2.61056 0.912777
-2.62127 0.895463
-2.63291 0.869303
-2.65153 0.850732
-2.67236 0.833566
-2.68051 0.814246
-2.69087 0.805551
-2.70606 0.781229
-2.72129 0.759986
-2.72798 0.744638
-2.74745 0.725066
-2.75618 0.705603
-2.76374 0.688283
-2.78005 0.66858
-2.78252 0.653103
-2.79076 0.639372
-2.80326 0.601218
-2.8205 0.588762
-2.82243 0.583004
-2.82064 0.567108
-2.8403 0.559935
-2.85716 0.547266
-2.86414 0.533094
-2.86525 0.471348
-2.86101 0.452276
-2.87376 0.448254
-2.87415 0.435774
-2.88306 0.419224
-2.87994 0.398584
-2.89098 0.380582
-2.90127 0.360446
-2.90234 0.344693
-2.90412 0.320055
-2.91057 0.308749
-2.91225 0.296921
-2.91197 0.277139
-2.91621 0.260672
-2.92668 0.238137
-2.9289 0.223883
-2.93986 0.206339
-2.93854 0.195569
-2.94147 0.180278
-2.9483 0.163553
-2.95421 0.150815
-2.95607 0.129529
-2.96054 0.114388
-2.96383 0.097791
-2.96151 0.0769155
-2.96193 0.0617907
-2.95472 0.0386523
-2.94575 0.0320867
-2.95457 -0.0281775
-2.94743 -0.0462877
-2.95554 -0.0660461
-2.94984 -0.0848936
-2.95182 -0.096053
-2.96006 -0.115572
-2.96639 -0.137414
-2.96521 -0.173476
-2.96761 -0.192288
-2.97463 -0.2114
-2.98132 -0.226854
-2.98616 -0.245554
-2.98118 -0.265552
-2.98521 -0.288306
-2.97704 -0.304177
-2.96892 -0.319913
-2.9689 -0.341372
-2.9735 -0.367794
-2.97025 -0.383283
-2.95641 -0.403833
-2.9449 -0.417162
-2.94708 -0.436366
-2.94865 -0.455312
-2.94848 -0.46348
-2.94187 -0.527445
-2.9302 -0.539892
-2.93492 -0.546548
-2.92614 -0.551925
-2.91839 -0.563195
-2.90975 -0.578753
-2.89579 -0.585072
-2.90333 -0.597116
-2.90836 -0.617927
-2.90502 -0.635615
-2.91405 -0.646681
-2.91457 -0.671209
-2.90864 -0.681938
-2.89964 -0.684749
-2.88946 -0.708673
-2.87471 -0.71669
-2.85782 -0.743663
-2.85037 -0.75474
-2.845 -0.789992
-2.83918 -0.794412
-2.83398 -0.815457
-2.82706 -0.830795
