0.732202 0.0440583
0.731755 0.042328
0.728107 0.0459749
0.732091 0.0550666
0.738479 0.0639079
0.741557 0.0653317
0.7531 0.072883
0.74356 0.0729203
0.742814 0.0800645
0.737306 0.0818745
0.735608 0.0932143
0.729388 0.103119
0.725744 0.109566
0.724513 0.107887
0.712883 0.115314
0.705701 0.113875
0.704986 0.120901
0.701385 0.116892
0.700072 0.120799
0.688651 0.133505
0.679358 0.1361
0.667824 0.139125
0.66591 0.136993
0.660461 0.139056
0.657854 0.148635
0.661841 0.153277
0.651512 0.162272
0.640954 0.166956
0.631232 0.170087
0.628284 0.180622
0.627592 0.179181
0.623057 0.183228
0.616126 0.188607
0.610425 0.187843
0.610114 0.196083
0.604008 0.205381
0.601911 0.208613
0.598836 0.208322
0.59267 0.21222
0.591641 0.216428
0.589361 0.213975
0.598531 0.222429
0.598029 0.225146
0.591046 0.230459
0.589169 0.2305
0.591262 0.235303
0.586079 0.246596
0.586495 0.254135
0.589086 0.249357
0.58964 0.253069
0.58587 0.26017
0.583313 0.26251
0.581761 0.263456
0.581232 0.262558
0.568885 0.263505
0.566353 0.262715
0.564199 0.256972
0.561871 0.261303
0.556379 0.257939
0.552324 0.261293
0.552557 0.261234
0.549576 0.257611
0.546442 0.266456
0.548012 0.270682
0.542495 0.269277
0.541108 0.273378
0.539363 0.277739
0.536948 0.287151
0.540006 0.285021
0.532589 0.292779
0.530183 0.29692
0.526973 0.295471
0.533285 0.294654
0.536306 0.300358
0.535222 0.30901
0.535477 0.311398
0.530303 0.311818
0.529023 0.31903
0.529082 0.320096
0.527666 0.326996
0.52356 0.327995
0.525074 0.332613
0.52477 0.332228
0.530167 0.336737
0.528374 0.340388
0.530424 0.339697
0.530746 0.338947
0.529803 0.337971
0.526387 0.336001
0.527032 0.346392
0.524255 0.346811
0.518786 0.348202
0.517766 0.348204
0.516953 0.34466
0.513961 0.34889
0.516007 0.355681
0.50957 0.356554
0.507909 0.362888
0.50511 0.360955
0.503412 0.358222
0.506972 0.35488
0.505039 0.350454
0.503872 0.355729
0.506379 0.359536
0.506262 0.359339
0.501608 0.360307
0.501314 0.362086
0.491777 0.363723
0.484217 0.365703
0.486991 0.371273
0.486239 0.374216
0.482847 0.383273
0.485165 0.382238
0.485713 0.387223
0.484394 0.388786
0.488508 0.392487
0.4872 0.388626
0.482059 0.391118
0.483039 0.394173
0.480042 0.39039
0.477632 0.39294
0.48199 0.387217
0.485402 0.388593
0.487232 0.388242
0.492774 0.384767
0.492612 0.386616
0.493069 0.38855
0.490966 0.390894
0.496206 0.390204
0.493413 0.401313
0.493787 0.400114
0.491821 0.400144
0.486105 0.40872
0.481775 0.404177
0.480796 0.405536
0.47901 0.408305
0.477856 0.409256
0.477374 0.415163
0.474164 0.423529
0.475418 0.421888
0.470849 0.424931
0.472755 0.423107
0.472345 0.419197
0.476531 0.432903
0.475719 0.437073
0.473263 0.440681
0.476383 0.442762
0.472695 0.437611
0.474167 0.437668
0.478654 0.436934
0.478745 0.429788
0.475766 0.432448
0.473126 0.423229
0.474177 0.430124
0.440023 0.436313
0.468801 0.43899
0.430925 0.444196
0.437082 0.454389
0.435968 0.455866
0.437649 0.45544
0.425067 0.458079
0.427198 0.46151
0.420083 0.46655
0.418956 0.479573
0.414558 0.477833
0.414935 0.487048
0.41609 0.494831
0.414961 0.491135
0.413279 0.495152
0.413712 0.496317
0.423034 0.547537
0.425609 0.550156
0.422672 0.557638
0.426156 0.564925
0.418927 0.569683
0.418892 0.571366
0.410937 0.577394
0.409334 0.586395
0.404504 0.591259
0.400541 0.602833
0.389742 0.607547
0.388743 0.612666
0.389455 0.611042
0.383002 0.62216
0.379091 0.624986
0.371464 0.632837
0.364489 0.639998
0.356403 0.657274
0.350431 0.663939
0.346501 0.670213
0.345796 0.674052
0.345252 0.675628
0.345618 0.684722
0.343117 0.694425
0.337919 0.698696
0.339457 0.705969
0.332142 0.711755
0.334737 0.716006
0.327554 0.733867
0.331326 0.741032
0.325984 0.750965
0.322372 0.756511
0.317541 0.757554
0.313077 0.770235
0.311228 0.774586
0.304816 0.782899
0.286833 0.79405
0.276362 0.808124
0.270931 0.817947
0.246173 0.837942
0.232437 0.851443
0.220072 0.865584
0.199833 0.886888
0.191453 0.90052
0.171627 0.913157
0.150077 0.932764
0.13728 0.943366
0.124632 0.969618
0.117237 0.97903
0.091952 0.987848
0.0796348 0.995589
0.0669596 0.999687
0.0482179 1.02403
0.010995 1.00978
0.00634677 1.04744
-0.000563287 1.05955
-0.0106368 1.07838
-0.0189734 1.08626
-0.0711518 1.08641
-0.0864574 1.10235
-0.104123 1.11313
-0.12129 1.11124
-0.138288 1.11573
-0.157444 1.11789
-0.190863 1.12845
-0.215856 1.14298
-0.234349 1.15561
-0.251736 1.16607
-0.26518 1.17571
-0.281943 1.18498
-0.310783 1.19362
-0.325481 1.20125
-0.345782 1.20426
-0.36896 1.21166
-0.394215 1.22593
-0.415264 1.22297
-0.432391 1.224
-0.4421 1.24058
-0.4658 1.25715
-0.482175 1.26852
-0.48699 1.2695
-0.508794 1.28251
-0.525494 1.28651
-0.536657 1.28729
-0.552977 1.28981
-0.604389 1.29069
-0.606119 1.2906
-0.626068 1.2929
-0.638171 1.2933
-0.654607 1.29734
-0.668567 1.30099
-0.690304 1.30813
-0.708031 1.31878
-0.723431 1.32121
-0.736802 1.32658
-0.76424 1.33706
-0.780814 1.33763
-0.789624 1.34665
-0.806726 1.35655
-0.829329 1.35894
-0.845091 1.36081
-0.85688 1.36897
-0.873693 1.3718
-0.88594 1.37425
-0.897903 1.38031
-0.918916 1.37681
-0.926234 1.3826
-0.946074 1.38416
-0.9503 1.38886
-0.96562 1.3915
-0.978845 1.39366
-0.988844 1.40238
-1.00211 1.40522
-1.00877 1.40862
-1.02689 1.40642
-1.07272 1.41534
-1.07966 1.4115
-1.09079 1.41239
-1.10344 1.41926
-1.11627 1.41916
-1.13019 1.41389
-1.14132 1.41726
-1.15844 1.4126
-1.17352 1.41218
-1.18477 1.41569
-1.19434 1.41896
-1.21201 1.41794
-1.22268 1.41853
-1.23585 1.41882
-1.24701 1.41987
-1.26708 1.41482
-1.27927 1.41451
-1.29784 1.41836
-1.32663 1.41868
-1.34177 1.41136
-1.35009 1.40527
-1.36701 1.40791
-1.37771 1.40931
-1.39003 1.4131
-1.39921 1.41361
-1.41406 1.40635
-1.42795 1.41146
-1.44149 1.4074
-1.45756 1.40143
-1.4754 1.39686
-1.49421 1.40138
-1.51282 1.39665
-1.51905 1.39912
-1.52841 1.4052
-1.53794 1.4034
-1.55914 1.40725
-1.57071 1.39841
-1.58412 1.39562
-1.59884 1.40089
-1.62479 1.39283
-1.63664 1.39303
-1.64887 1.39083
-1.66756 1.39898
-1.68668 1.39157
-1.69985 1.38494
-1.71575 1.38355
-1.73721 1.3891
-1.7528 1.38572
-1.77144 1.38876
-1.78084 1.38114
-1.79437 1.37229
-1.80854 1.36778
-1.82369 1.36597
-1.83851 1.36393
-1.85051 1.36162
-1.86366 1.35531
-1.87641 1.3473
-1.90158 1.34241
-1.91627 1.3342
-1.93676 1.33399
-1.95503 1.33329
-1.96858 1.32633
-1.98244 1.31839
-1.99611 1.3118
-2.03209 1.3078
-2.03765 1.30688
-2.04622 1.30037
-2.05781 1.29725
-2.06853 1.2908
-2.08682 1.28572
-2.09565 1.28052
-2.11133 1.27063
-2.12229 1.26807
-2.13094 1.26362
-2.14594 1.25595
-2.15806 1.25261
-2.16987 1.24303
-2.18085 1.24185
-2.19374 1.22986
-2.20091 1.22756
-2.22101 1.22408
-2.23335 1.21783
-2.25246 1.21836
-2.26207 1.20981
-2.27361 1.19964
-2.2862 1.19248
-2.29829 1.18845
-2.31129 1.18104
-2.32212 1.17506
-2.33849 1.17076
-2.34738 1.163
-2.36018 1.15232
-2.37014 1.14494
-2.38356 1.13447
-2.40052 1.12812
-2.41573 1.11549
-2.42538 1.10204
-2.43476 1.09419
-2.44516 1.08645
-2.45386 1.07869
-2.46454 1.06325
-2.4724 1.05446
-2.48645 1.04702
-2.50099 1.0113
-2.50728 1.00147
-2.51647 0.991401
-2.52519 0.981503
-2.54467 0.973605
-2.56573 0.9687
-2.57332 0.960351
-2.58695 0.952986
-2.58855 0.946315
-2.593 0.942754
-2.60438 0.929819
-2.6105 0.928959
-2.62599 0.905086
-2.63614 0.895928
-2.64364 0.883383
-2.65979 0.865058
-2.66413 0.855604
-2.68336 0.847969
-2.69077 0.838857
-2.69858 0.829456
-2.70877 0.816851
-2.72214 0.814731
-2.73785 0.80423
-2.74915 0.791122
-2.75864 0.776804
-2.7656 0.770497
-2.77385 0.758607
-2.78232 0.747147
-2.79632 0.734499
-2.8048 0.72342
-2.80962 0.70628
-2.82212 0.690137
-2.83747 0.676554
-2.83675 0.665532
-2.85051 0.658007
-2.86031 0.644517
-2.86947 0.633953
-2.87924 0.61601
-2.88994 0.61233
-2.8982 0.607853
-2.90219 0.597629
-2.91122 0.583132
-2.91884 0.570582
-2.92508 0.561299
-2.9329 0.553962
-2.94295 0.540333
-2.96303 0.505248
-2.97339 0.49943
-2.97598 0.490902
-2.98333 0.488466
-2.99026 0.478865
-2.99331 0.469279
-2.99687 0.452908
-2.99918 0.447309
-3.0023 0.431267
-3.00001 0.422763
-2.99914 0.413323
-2.99784 0.401776
-3.00449 0.389564
-3.00923 0.388182
-3.01527 0.372532
-3.02539 0.366568
-3.02905 0.348535
-3.03523 0.346245
-3.03587 0.336977
-3.03795 0.324117
-3.04629 0.315347
-3.04938 0.304792
-3.05382 0.289324
-3.06396 0.273878
-3.07584 0.25515
-3.08409 0.238187
-3.08058 0.22944
-3.09728 0.227035
-3.10632 0.209395
-3.11381 0.199132
-3.10755 0.189483
-3.11721 0.175809
-3.12816 0.160754
-3.12344 0.146897
-3.12315 0.131098
-3.12437 0.123007
-3.12949 0.118937
-3.13683 0.095019
-3.14822 0.0731553
-3.14547 0.0570936
-3.13843 0.00112187
-3.13875 -0.00668019
-3.14826 -0.0193427
-3.1476 -0.0283884
-3.1479 -0.0330546
-3.14912 -0.0424704
-3.1443 -0.0541895
-3.1497 -0.071643
-3.14958 -0.0832782
-3.15649 -0.0807283
-3.14941 -0.0845841
-3.14743 -0.0995142
-3.14853 -0.11748
-3.15081 -0.128131
-3.14599 -0.141292
-3.13944 -0.151749
-3.13911 -0.166095
-3.13838 -0.175579
-3.13738 -0.182895
-3.13262 -0.19488
-3.12753 -0.207392
-3.12922 -0.218932
-3.1287 -0.232493
-3.1295 -0.248866
-3.12443 -0.266176
-3.12308 -0.277672
-3.12735 -0.282738
-3.12374 -0.308425
-3.1226 -0.317286
-3.12753 -0.331072
-3.12195 -0.346695
-3.12181 -0.368043
-3.12159 -0.372766
-3.11566 -0.383131
-3.11012 -0.397805
-3.1041 -0.421366
-3.1009 -0.427088
-3.10152 -0.432396
-3.09982 -0.44539
-3.09351 -0.453237
-3.08546 -0.506701
-3.07891 -0.506455
-3.07437 -0.52164
-3.0389 -0.543889
-3.03532 -0.55703
-3.02305 -0.572066
-3.01225 -0.581596
-3.00502 -0.592908
-3.01239 -0.599985
-2.99972 -0.610435
-2.98127 -0.632643
-2.97774 -0.639773
-2.96503 -0.648508
-2.96121 -0.657304
-2.96713 -0.66237
-2.95127 -0.682142
-2.94657 -0.690409
-2.93044 -0.701623
-2.92552 -0.707344
-2.91937 -0.71897
-2.92004 -0.722959
-2.91046 -0.738985
-2.90823 -0.744634
-2.89275 -0.758313
-2.88511 -0.767223
-2.88657 -0.769925
-2.88511 -0.790899
-2.88186 -0.808201
-2.86944 -0.822885
-2.85474 -0.837789
-2.83863 -0.839951
-2.82962 -0.843271
-2.81921 -0.857219
-2.80693 -0.861574
-2.79375 -0.866395
-2.78152 -0.870424
-2.78074 -0.885183
-2.77626 -0.888656
-2.77197 -0.892971
-2.75709 -0.90667
-2.75291 -1.00256
-2.75372 -0.915735
-2.73364 -1.01387
-2.72165 -1.02451
-2.71698 -1.03926
-2.71237 -1.0397
-2.70029 -1.04542
-2.68616 -1.04698
-2.68522 -1.03717
-2.68005 -1.04402
-2.6712 -1.05227
-2.66511 -1.05999
-2.65134 -1.07065
-2.64829 -1.07564
-2.64861 -1.07787
-2.53006 -1.1051
-2.64727 -1.09635
-2.52499 -1.11511
-2.62346 -1.11073
-2.61801 -1.1174
-2.50068 -1.13917
-2.48948 -1.14634
-2.47964 -1.15408
-2.48767 -1.14775
-2.48887 -1.15516
-2.49875 -1.14793
-2.49464 -1.15337
-2.48348 -1.16635
-2.50063 -1.17001
-2.49835 -1.18688
-2.49319 -1.19695
-2.48279 -1.20551
-2.48425 -1.20274
-2.47127 -1.21542
-2.4702 -1.2176
-2.57108 -1.20981
-2.56168 -1.20714
-2.55677 -1.22526
-2.44662 -1.25638
-2.54076 -1.24788
-2.43184 -1.27291
-2.4183 -1.28173
-2.40329 -1.29261
-2.40212 -1.30841
-2.38596 -1.3216
-2.36576 -1.32868
-2.35589 -1.33519
-2.3446 -1.35578
-2.32688 -1.36136
-2.32254 -1.35619
-2.30842 -1.36365
-2.29829 -1.36916
-2.28557 -1.37125
-2.27208 -1.37742
-2.25806 -1.38076
-2.24866 -1.38088
-2.23372 -1.38633
-2.21817 -1.39106
-2.20374 -1.39692
-2.1835 -1.39652
-2.1779 -1.39871
-2.16051 -1.40218
-2.13816 -1.41612
-2.1189 -1.4343
-2.02958 -1.4566
-2.02467 -1.4598
-2.0195 -1.45537
-1.9868 -1.51479
-1.97493 -1.51984
-1.98045 -1.46575
-1.93639 -1.53607
-1.92183 -1.53739
-1.90857 -1.54414
-1.89503 -1.54267
-1.87652 -1.55666
-1.86625 -1.56249
-1.85288 -1.55786
-1.84414 -1.56016
-1.82925 -1.56792
-1.81196 -1.56122
-1.79597 -1.56093
-1.78478 -1.5616
-1.7609 -1.57519
-1.74508 -1.58482
-1.73041 -1.57868
-1.70983 -1.58411
-1.69347 -1.59048
-1.67959 -1.5926
-1.66279 -1.59536
-1.65089 -1.59346
-1.63912 -1.59914
-1.62053 -1.59866
-1.60532 -1.5948
-1.60081 -1.59412
-1.58611 -1.59662
-1.56922 -1.59991
-1.56901 -1.60272
-1.55378 -1.61059
-1.47904 -1.61731
-1.46399 -1.6185
-1.44992 -1.61538
-1.44301 -1.6151
-1.42584 -1.61691
-1.40569 -1.6163
-1.39376 -1.61454
-1.38356 -1.61838
-1.37351 -1.62056
-1.35934 -1.6213
-1.33518 -1.62773
-1.32658 -1.62452
-1.30828 -1.62951
-1.29199 -1.62448
-1.2783 -1.6161
-1.26277 -1.6109
-1.25206 -1.61886
-1.22197 -1.61571
-1.20711 -1.61147
-1.17628 -1.60527
-1.16143 -1.59547
-1.15428 -1.59384
-1.14283 -1.5899
-1.13456 -1.587
-1.12948 -1.57574
-1.11362 -1.57279
-1.09366 -1.56835
-1.06725 -1.56725
-1.03167 -1.56558
-1.02224 -1.56789
-1.01772 -1.55999
-1.00773 -1.55722
-0.997421 -1.54731
-0.981121 -1.5565
-0.960494 -1.55833
-0.950424 -1.55726
-0.939169 -1.5526
-0.925966 -1.5432
-0.897962 -1.53674
-0.881227 -1.53247
-0.877581 -1.47312
-0.861738 -1.46705
-0.84776 -1.46536
-0.829715 -1.4541
-0.819866 -1.44684
-0.801235 -1.48703
-0.787548 -1.47989
-0.77592 -1.42887
-0.770748 -1.42777
-0.756605 -1.41874
-0.747793 -1.41162
-0.728452 -1.40536
-0.71207 -1.40081
-0.697672 -1.39659
-0.683139 -1.39051
-0.666104 -1.37931
-0.653251 -1.37156
-0.64318 -1.36408
-0.641563 -1.36039
-0.635795 -1.34867
-0.629801 -1.3371
-0.616813 -1.32474
-0.608981 -1.31368
-0.590616 -1.30233
-0.585549 -1.29358
-0.560971 -1.28591
-0.532079 -1.27595
-0.5216 -1.27009
-0.512473 -1.2563
-0.501414 -1.2511
-0.494279 -1.23916
-0.472321 -1.23268
-0.460352 -1.22195
-0.438825 -1.21308
-0.42211 -1.20776
-0.405681 -1.19309
-0.385986 -1.17443
-0.379177 -1.16501
-0.36736 -1.15672
-0.357034 -1.15358
-0.343105 -1.13939
-0.330666 -1.12571
-0.32403 -1.11625
-0.315904 -1.10802
-0.301858 -1.10131
-0.286351 -1.08498
-0.277475 -1.07832
-0.279163 -1.06064
-0.256526 -1.05544
-0.245989 -1.05707
-0.242554 -1.03744
-0.226688 -1.02764
-0.214504 -1.02121
-0.196118 -1.00214
-0.196237 -1.00441
-0.188145 -0.989871
-0.176969 -0.991051
-0.151602 -0.984919
-0.159933 -0.916888
-0.154934 -0.908595
-0.134313 -0.899497
-0.12471 -0.886336
-0.105127 -0.877294
-0.0501784 -0.863587
-0.0419221 -0.848217
-0.017211 -0.840152
-0.00934126 -0.820971
0.0170616 -0.81667
0.018891 -0.808107
0.032332 -0.780958
0.0491272 -0.777196
0.0622039 -0.74703
0.0681785 -0.739533
0.0608152 -0.718395
0.0656354 -0.707581
0.0812853 -0.686666
0.0899218 -0.662492
0.096272 -0.659263
0.0895299 -0.643122
0.101114 -0.623755
0.110929 -0.61495
0.0919079 -0.487587
0.108416 -0.476079
0.110968 -0.464167
0.113819 -0.446166
0.116877 -0.436639
0.128504 -0.413867
0.133537 -0.414244
0.140903 -0.409581
0.144093 -0.379299
0.149002 -0.361629
0.15135 -0.353313
0.152995 -0.338961
0.155054 -0.320171
0.159132 -0.306823
0.163134 -0.296451
0.17222 -0.285634
0.170968 -0.272597
0.175607 -0.258359
0.182357 -0.24583
0.183051 -0.226576
0.184887 -0.197376
0.187496 -0.182793
0.182197 -0.171629
0.182502 -0.149763
0.181471 -0.135991
0.185715 -0.121675
0.189269 -0.112378
0.192867 -0.0986564
0.190261 -0.085283
0.186264 -0.0735834
0.196463 -0.0649425
0.183701 -0.0235301
0.184275 -0.0035671
0.198546 -0.0264312
0.210419 -0.0211397
0.212666 -0.0107094
0.225841 0.00281878
0.22973 0.00880566
0.243424 0.016513
0.236947 0.0894995
0.235079 0.0988013
0.240357 0.109581
0.238143 0.121022
0.247089 0.136937
0.251871 0.150696
0.252002 0.165988
0.256276 0.176887
0.255948 0.186746
0.255752 0.207382
0.249558 0.217564
0.249116 0.228543
0.26507 0.237263
0.262945 0.250386
0.269071 0.272045
0.269376 0.28717
0.274944 0.30719
0.272122 0.315804
0.268686 0.326258
0.258766 0.348599
0.260325 0.36585
0.258362 0.382341
0.255725 0.395314
0.255955 0.40791
0.260516 0.414579
0.249441 0.428102
0.240649 0.449357
0.236413 0.458817
0.233594 0.478773
0.238413 0.492282
0.231577 0.511234
0.213618 0.575895
0.205468 0.589271
0.206568 0.608564
0.200152 0.628842
0.194815 0.65768
0.185013 0.670016
0.174588 0.685415
0.165074 0.695882
0.158797 0.70507
0.155166 0.720026
0.148596 0.732658
0.135445 0.758932
0.128649 0.77002
0.120925 0.789835
0.110464 0.80059
0.105159 0.808397
0.0995152 0.82277
0.0955534 0.843785
0.0873177 0.850849
0.0782382 0.868831
0.0754946 0.876953
0.0656011 0.887391
0.0627791 0.895353
0.0541671 0.904161
0.0401992 0.91777
0.0381041 0.926487
0.0289939 0.938154
0.02054 0.949353
0.0156698 0.95222
0.00983118 0.963912
-0.0011942 0.977293
-0.00245546 0.983764
-0.00694306 0.992776
-0.0139506 0.998774
-0.0211803 0.99945
-0.0307215 1.07483
-0.0367014 1.08237
-0.0478375 1.09096
-0.0943413 1.11092
-0.0628079 1.11418
-0.113602 1.13704
-0.121443 1.14789
-0.123477 1.15319
-0.131449 1.16117
-0.140231 1.16627
-0.143046 1.17249
-0.156462 1.18585
-0.170645 1.19886
-0.185202 1.21176
-0.19603 1.22162
-0.217481 1.23775
-0.228343 1.24533
-0.240558 1.25303
-0.249821 1.26118
-0.258047 1.26217
-0.261551 1.26936
-0.270948 1.27241
-0.279937 1.27705
-0.284494 1.28401
-0.290925 1.29889
-0.300386 1.30433
-0.311522 1.31005
-0.323574 1.31564
-0.332041 1.32214
-0.339337 1.33565
-0.348579 1.34415
-0.355155 1.34888
-0.364875 1.35139
-0.367314 1.35494
-0.376972 1.35624
-0.384572 1.36563
-0.397634 1.36861
-0.404056 1.37485
-0.417362 1.37617
-0.42413 1.38071
-0.43048 1.39264
-0.43741 1.3919
-0.460387 1.39721
-0.473492 1.40131
-0.477031 1.41231
-0.484766 1.40622
-0.492441 1.4108
-0.502436 1.42101
-0.505889 1.4253
-0.515729 1.42783
-0.518701 1.43994
-0.528073 1.44128
-0.53848 1.44544
-0.542243 1.4443
-0.548586 1.44994
-0.552477 1.45068
-0.584204 1.46647
-0.599094 1.47362
-0.599555 1.47923
-0.600242 1.47968
-0.602699 1.47899
-0.6015 1.47875
-0.591726 1.48467
-0.593429 1.48736
-0.60567 1.5477
-0.614208 1.55292
-0.618081 1.55368
-0.621647 1.55286
-0.617991 1.55255
-0.621592 1.55075
-0.622727 1.5538
-0.620048 1.55187
-0.621825 1.5586
-0.626674 1.56126
-0.63005 1.56255
-0.635697 1.57151
-0.639371 1.57521
-0.637957 1.5776
-0.644123 1.58188
-0.651448 1.58415
-0.656818 1.58322
-0.662485 1.58775
-0.666734 1.59043
-0.672891 1.591
-0.662973 1.59201
-0.660473 1.59111
-0.663044 1.59531
-0.666551 1.59953
-0.672992 1.60303
-0.678381 1.60097
-0.682737 1.59894
-0.688633 1.60044
-0.69494 1.60336
-0.695646 1.60304
-0.698545 1.60387
-0.700989 1.59987
-0.702016 1.60266
-0.709804 1.60432
-0.714348 1.60805
-0.719756 1.60715
-0.722655 1.60955
-0.718548 1.6033
-0.725017 1.60376
-0.722765 1.52143
-0.737248 1.60236
-0.739843 1.60898
-0.736207 1.61378
-0.744976 1.61007
-0.746191 1.61388
-0.746404 1.6143
-0.755268 1.6147
-0.760311 1.62047
-0.760306 1.62651
-0.760769 1.63052
-0.76448 1.62637
-0.763158 1.62249
-0.767473 1.62096
-0.77608 1.62485
-0.782628 1.6249
-0.790566 1.62545
-0.798579 1.62981
-0.798965 1.63666
-0.797573 1.63777
-0.8021 1.63904
-0.815646 1.64199
-0.822586 1.64874
-0.824679 1.65009
-0.82951 1.64429
-0.835577 1.64948
-0.841714 1.65192
-0.848712 1.65346
-0.856447 1.65737
-0.862054 1.66035
-0.869284 1.66102
-0.873397 1.66264
-0.879816 1.66488
-0.888848 1.66518
-0.893085 1.6665
-0.89782 1.66906
-0.894718 1.66102
-0.906042 1.65838
-0.91185 1.66064
-0.921144 1.65687
-0.923745 1.65993
-0.928517 1.6586
-0.931356 1.66138
-0.938576 1.66373
-0.944665 1.65616
-0.946088 1.66453
-0.949331 1.6648
-0.959872 1.65975
-0.960369 1.65966
-0.963395 1.65891
-0.964094 1.66058
-0.970994 1.65992
-0.970261 1.66482
-0.977362 1.66589
-0.972738 1.65662
-0.979095 1.65806
-0.989229 1.65672
-0.989019 1.6528
-0.995048 1.66074
-0.997436 1.66357
-1.00473 1.66091
-1.0066 1.65887
-1.01418 1.65619
-1.01696 1.64618
-1.0222 1.64916
-1.02792 1.64903
-1.03506 1.64671
-1.03551 1.64941
-1.03895 1.65096
-1.03786 1.65183
-1.04077 1.65477
-1.04345 1.65233
-1.04614 1.65484
-1.0632 1.65312
-1.07107 1.65164
-1.07598 1.65327
-1.08472 1.65801
-1.08649 1.66008
-1.09217 1.66815
-1.09987 1.66752
-1.10364 1.66972
-1.10804 1.66737
-1.11999 1.66454
-1.12516 1.66412
-1.12579 1.66667
-1.12802 1.66605
-1.13334 1.66704
-1.13801 1.66837
-1.14221 1.67158
-1.14668 1.66783
-1.14919 1.6682
-1.15454 1.66829
-1.15598 1.67055
-1.16041 1.66929
-1.16329 1.6679
-1.16959 1.66615
-1.17709 1.66686
-1.17951 1.66527
-1.18011 1.66627
-1.18213 1.66558
-1.18763 1.6646
-1.19388 1.6689
-1.19983 1.67493
-1.20461 1.67563
-1.20562 1.68821
-1.20597 1.6885
-1.20791 1.68676
-1.22261 1.69374
-1.22665 1.69547
-1.23614 1.695
-1.24083 1.69476
-1.25049 1.69527
-1.25564 1.69714
-1.25991 1.69612
-1.27169 1.69559
-1.27044 1.69507
-1.27733 1.69659
-1.28097 1.69767
-1.29412 1.6997
-1.2967 1.6997
-1.30223 1.69565
-1.31085 1.69553
-1.3159 1.69692
-1.33107 1.70181
-1.32947 1.69895
-1.33514 1.70055
-1.33461 1.69928
-1.33609 1.70345
-1.34159 1.70312
-1.34599 1.70487
-1.34931 1.70088
-1.35418 1.70597
-1.36327 1.70826
-1.37053 1.70707
-1.37908 1.70595
-1.38317 1.70596
-1.39574 1.70752
-1.40147 1.70909
-1.40354 1.70575
-1.42334 1.70416
-1.42637 1.70256
-1.42857 1.70124
-1.43553 1.71029
-1.43684 1.7111
-1.4464 1.71267
-1.45148 1.71462
-1.45531 1.71484
-1.46139 1.71609
-1.46287 1.71923
-1.47094 1.7151
-1.47866 1.71741
-1.49681 1.71149
-1.50772 1.71315
-1.50858 1.71012
-1.51375 1.71331
-1.51982 1.71045
-1.52252 1.7119
-1.52805 1.71538
-1.5255 1.71583
-1.53715 1.71641
-1.54796 1.71504
-1.55371 1.71236
-1.54926 1.71164
-1.55287 1.71342
-1.58229 1.71529
-1.58701 1.71554
-1.59612 1.71668
-1.60122 1.71643
-1.61022 1.71111
-1.61623 1.71196
-1.61652 1.71182
-1.62066 1.71805
-1.6297 1.71687
-1.63035 1.71947
-1.63667 1.71649
-1.64059 1.71268
-1.64562 1.7112
-1.65107 1.71119
-1.65332 1.70516
-1.65696 1.70325
-1.66203 1.70469
-1.66825 1.70569
-1.67134 1.70219
-1.67638 1.69575
-1.68234 1.69797
-1.68565 1.69032
-1.69617 1.6901
-1.70155 1.68833
-1.71137 1.68547
-1.71643 1.68232
-1.72142 1.68481
-1.72541 1.68178
-1.7332 1.68121
-1.74278 1.67969
-1.75207 1.67889
-1.75615 1.68227
-1.76102 1.68515
-1.76627 1.68141
-1.77534 1.67563
-1.77773 1.67367
-1.78856 1.68458
-1.79019 1.68362
-1.79315 1.67933
-1.79926 1.67785
-1.80411 1.6828
-1.80667 1.68014
-1.81315 1.68258
-1.81684 1.67973
-1.82386 1.68317
-1.82996 1.6843
-1.83525 1.68512
-1.84793 1.69194
-1.85476 1.69699
-1.86393 1.70083
-1.8695 1.70191
-1.87512 1.69937
-1.88261 1.69599
-1.87919 1.69241
-1.88443 1.69006
-1.88993 1.69591
-1.89356 1.69212
-1.89657 1.68751
-1.89952 1.68478
-1.9029 1.68337
-1.9083 1.68806
-1.91445 1.68084
-1.91693 1.67858
-1.92408 1.6824
-1.94037 1.68283
-1.94196 1.68252
-1.94577 1.68548
-1.94746 1.68455
-1.96128 1.68706
-1.96206 1.68851
-1.96491 1.69498
-1.96829 1.69108
-1.97929 1.69003
-1.98 1.69088
-1.9869 1.69503
-1.991 1.69813
-1.99421 1.69621
-2.00916 1.69043
-2.01502 1.69508
-2.01872 1.68695
-2.02063 1.6843
-2.02267 1.68407
-2.02215 1.69005
-2.02925 1.68605
-2.03308 1.68349
-2.03358 1.68373
-2.0387 1.68071
-2.04164 1.68498
-2.04549 1.68198
-2.05326 1.68215
-2.07238 1.68324
-2.07729 1.68032
-2.07973 1.67782
-2.08411 1.67745
-2.08904 1.67239
-2.0957 1.66673
-2.10235 1.66635
-2.10798 1.65413
-2.11633 1.64939
-2.11897 1.64699
-2.11974 1.64584
-2.12276 1.64012
-2.13501 1.63174
-2.1408 1.62854
-2.14822 1.629
-2.15756 1.62581
-2.1606 1.61982
-2.16762 1.61941
-2.1746 1.61787
-2.18007 1.61288
-2.18384 1.60886
-2.1865 1.61404
-2.19531 1.61027
-2.19933 1.60834
-2.20298 1.60525
-2.20427 1.60392
-2.21022 1.59819
-2.21615 1.59411
-2.22363 1.59232
-2.22828 1.58586
-2.22975 1.58345
-2.23562 1.58551
-2.2387 1.58413
-2.2419 1.5802
-2.24753 1.58555
-2.25546 1.57658
-2.26405 1.57891
-2.27141 1.57598
-2.2725 1.53551
-2.28509 1.5775
-2.29587 1.57536
-2.29873 1.57159
-2.30095 1.57121
-2.30161 1.56941
-2.31196 1.56455
-2.31968 1.5637
-2.32244 1.55697
-2.32696 1.55713
-2.33761 1.54855
-2.34637 1.54984
-2.35228 1.54691
-2.35587 1.54211
-2.36234 1.5412
-2.36466 1.54074
-2.36806 1.54263
-2.37424 1.54577
-2.37623 1.54322
-2.37829 1.53541
-2.38262 1.53228
-2.39173 1.53729
-2.39524 1.53215
-2.39722 1.52807
-2.40077 1.52799
-2.41149 1.52462
-2.41766 1.52395
-2.41518 1.49832
-2.42153 1.49057
-2.4247 1.49054
-2.43055 1.48794
-2.43594 1.48535
-2.44112 1.48213
-2.45053 1.47591
-2.45561 1.47146
-2.4631 1.46611
-2.46641 1.4584
-2.47595 1.45303
-2.47854 1.45239
-2.48655 1.4542
-2.49103 1.44539
-2.49227 1.44571
-2.5028 1.44057
-2.50645 1.43658
-2.51837 1.43141
-2.52611 1.42712
-2.52819 1.422
-2.53432 1.41935
-2.54333 1.4118
-2.55318 1.40464
-2.55831 1.40042
-2.57208 1.39499
-2.58259 1.38754
-2.58561 1.38044
-2.5932 1.37404
-2.59832 1.36776
-2.6028 1.36096
-2.60617 1.34858
-2.61738 1.33693
-2.6224 1.32907
-2.63053 1.32099
-2.63929 1.30602
-2.64751 1.29799
-2.6468 1.29088
-2.66094 1.27756
-2.66781 1.2692
-2.68077 1.25897
-2.68587 1.24481
-2.69064 1.2385
-2.69908 1.23255
-2.70739 1.22896
-2.71313 1.2149
-2.72136 1.20134
-2.73646 1.18137
-2.74508 1.17057
-2.75483 1.16261
-2.77236 1.14726
-2.77868 1.13442
-2.79061 1.12136
-2.80091 1.11783
-2.81187 1.11034
-2.82393 1.10772
-2.83316 1.09985
-2.84081 1.09506
-2.84994 1.08581
-2.85805 1.07355
-2.86871 1.0624
-2.87049 1.06364
-2.88245 1.04843
-2.89106 1.0381
-2.90419 0.998964
-2.90565 0.989857
-2.91338 0.979495
-2.91807 0.973503
-2.92615 0.957041
-2.93128 0.952176
-2.93589 0.946399
-2.93817 0.931721
-2.94648 0.917387
-2.95423 0.907234
-2.95891 0.890435
-2.96191 0.876403
-2.97171 0.858842
-2.9866 0.849275
-2.99613 0.829838
-3.00072 0.812387
-3.00732 0.794018
-3.0144 0.7839
-3.01753 0.780154
-3.02453 0.760623
-3.04738 0.742114
-3.05684 0.731211
-3.06067 0.71599
-3.06522 0.705152
-3.0748 0.684046
-3.0791 0.672748
-3.08241 0.659246
-3.08184 0.648396
-3.08558 0.625108
-3.08428 0.611458
-3.09375 0.592766
-3.10139 0.583365
-3.106 0.570916
-3.11043 0.554813
-3.11639 0.543108
-3.1252 0.532895
-3.12769 0.508216
-3.12799 0.500577
-3.13242 0.485104
-3.1407 0.476188
-3.14499 0.463687
-3.14183 0.446871
-3.14376 0.430165
-3.15284 0.412359
-3.15128 0.403234
-3.1604 0.390575
-3.1622 0.373791
-3.15558 0.361431
-3.15812 0.344634
-3.15931 0.328744
-3.15907 0.313889
-3.1556 0.29774
-3.15691 0.283884
-3.15872 0.264617
-3.15949 0.247175
-3.15895 0.231794
-3.16062 0.219208
-3.15337 0.205345
-3.15058 0.191757
-3.15678 0.176092
-3.15887 0.155278
-3.16054 0.143395
-3.15942 0.1334
-3.16036 0.122195
-3.15364 0.112295
-3.15115 0.100445
-3.15202 0.0841767
-3.15121 0.0720233
-3.15018 0.0590059
-3.15162 0.0463374
-3.1432 0.0141081
-3.14266 0.00843898
-3.13764 -0.0158463
-3.13688 -0.0223945
-3.13139 -0.0350693
-3.1339 -0.0453425
-3.13436 -0.0575072
-3.13607 -0.0692251
-3.13347 -0.0825313
-3.13151 -0.0953717
-3.1308 -0.113291
-3.13052 -0.130707
-3.13353 -0.138174
-3.12995 -0.150644
-3.12265 -0.169221
-3.11513 -0.188981
-3.11296 -0.196815
-3.10862 -0.216168
-3.10456 -0.243124
-3.10353 -0.257487
-3.10053 -0.264558
-3.09443 -0.284539
-3.05758 -0.290962
-3.0452 -0.308532
-3.04961 -0.327058
-3.04508 -0.32792
-3.03903 -0.349232
-3.04205 -0.356123
-3.03933 -0.371401
-3.04084 -0.383952
-3.03534 -0.399728
-3.02366 -0.414855
-3.02133 -0.422522
-3.00795 -0.440782
-3.01145 -0.43818
-3.00768 -0.450523
-3.00792 -0.461301
-2.99108 -0.500104
-2.98704 -0.515446
-2.99265 -0.53416
-2.98447 -0.53652
-2.99641 -0.553748
-2.99384 -0.575856
-2.98766 -0.583591
-2.97878 -0.595265
-2.97453 -0.606031
-2.96864 -0.617162
-2.96791 -0.624393
-2.97088 -0.636933
-2.9682 -0.655909
-2.96243 -0.670585
-2.96806 -0.676406
-2.96147 -0.689584
-2.956 -0.694155
-2.95359 -0.701689
-2.94888 -0.71535
-2.94595 -0.730986
-2.94446 -0.733332
-2.94659 -0.747208
-2.9419 -0.756038
-2.93283 -0.783525
-2.91796 -0.791878
-2.91931 -0.801173
-2.90966 -0.81007
-2.90375 -0.821127
-2.90469 -0.831425
-2.9012 -0.8464
-2.88254 -0.856411
-2.87299 -0.867158
-2.86742 -0.875343
-2.86643 -0.89581
-2.86569 -0.893392
-2.85903 -0.904338
-2.84995 -0.907762
-2.84618 -0.917449
-2.84495 -0.929462
-2.82581 -0.933121
-2.82742 -0.940243
-2.82656 -0.934164
-2.81205 -0.9487
-2.7971 -0.95729
-2.79111 -0.958528
-2.79538 -0.95331
-2.7833 -0.954344
-2.78283 -1.04698
-2.78408 -1.05947
-2.77705 -1.06627
-2.77542 -1.06534
-2.77313 -1.06906
-2.76124 -1.07952
-2.75717 -1.07371
-2.74981 -1.08177
-2.74252 -1.09269
-2.72567 -1.10562
-2.72502 -1.11729
-2.72717 -1.13334
-2.71134 -1.14086
-2.696 -1.16141
-2.68022 -1.17536
-2.67521 -1.17937
-2.66276 -1.19291
-2.66253 -1.20223
-2.65638 -1.20568
-2.64325 -1.21207
-2.6367 -1.22029
-2.6355 -1.23745
-2.63514 -1.24829
-2.61134 -1.23702
-2.60907 -1.24902
-2.51098 -1.25095
-2.59244 -1.26724
-2.588 -1.27132
-2.50986 -1.286
-2.50376 -1.28974
-2.49422 -1.28675
-2.48753 -1.29911
-2.48488 -1.31074
-2.46532 -1.31459
-2.46142 -1.31798
-2.45304 -1.3232
-2.4488 -1.33678
-2.42955 -1.34395
-2.4179 -1.34601
-2.41016 -1.35999
-2.39284 -1.37494
-2.38184 -1.38153
-2.3661 -1.38711
-2.37005 -1.47934
-2.35516 -1.47969
-2.35138 -1.48852
-2.33573 -1.47399
-2.31237 -1.40453
-2.29378 -1.4138
-2.2853 -1.42017
-2.26756 -1.42916
-2.25875 -1.43108
-2.25405 -1.43641
-2.24395 -1.43642
-2.23442 -1.44096
-2.21779 -1.44369
-2.20447 -1.45496
-2.20009 -1.51105
-2.18916 -1.51169
-2.16657 -1.46254
-2.16362 -1.4563
-2.14032 -1.51675
-2.12891 -1.51572
-2.11455 -1.51727
-2.10808 -1.51906
-2.08951 -1.52517
-2.08498 -1.51687
-2.08007 -1.51917
-2.03612 -1.51411
-2.01007 -1.47439
-2.00621 -1.47867
-1.9872 -1.51845
-1.97205 -1.52116
-1.95249 -1.53329
-1.94069 -1.53342
-1.92779 -1.53271
-1.91345 -1.53711
-1.89759 -1.53821
-1.88733 -1.53726
-1.8715 -1.54244
-1.86048 -1.5453
-1.8564 -1.54833
-1.84438 -1.54737
-1.83076 -1.55959
-1.82173 -1.56166
-1.80333 -1.56147
-1.796 -1.56157
-1.77895 -1.56565
-1.76545 -1.56562
-1.75065 -1.56601
-1.73918 -1.57118
-1.72819 -1.57611
-1.70955 -1.57671
-1.697 -1.57746
-1.68248 -1.57703
-1.66138 -1.57484
-1.64804 -1.58365
-1.62989 -1.58846
-1.61716 -1.6015
-1.60381 -1.60068
-1.58062 -1.60604
-1.57111 -1.60499
-1.56222 -1.6098
-1.53215 -1.60562
-1.52016 -1.60683
-1.49919 -1.61318
-1.48187 -1.61706
-1.46452 -1.61731
-1.44792 -1.61155
-1.43723 -1.61189
-1.43119 -1.60912
-1.4102 -1.60155
-1.38732 -1.59189
-1.37232 -1.5942
-1.36099 -1.58968
-1.35444 -1.58669
-1.34148 -1.58256
-1.3275 -1.58556
-1.31089 -1.57539
-1.3016 -1.57126
-1.28381 -1.57456
-1.27509 -1.577
-1.26143 -1.5764
-1.25135 -1.57804
-1.23286 -1.5723
-1.21115 -1.5655
-1.19398 -1.56857
-1.17686 -1.56141
-1.16733 -1.56106
-1.16213 -1.56442
-1.14564 -1.55908
-1.13584 -1.55498
-1.11795 -1.5545
-1.1148 -1.5538
-1.1038 -1.55052
-1.10215 -1.54839
-1.08387 -1.5329
-1.01771 -1.53619
-1.00802 -1.53508
-0.990945 -1.53081
-0.972753 -1.52395
-0.963921 -1.51787
-0.951243 -1.51228
-0.93744 -1.50811
-0.933469 -1.51289
-0.914526 -1.46632
-0.91029 -1.50263
-0.903355 -1.50295
-0.89243 -1.4959
-0.876035 -1.48655
-0.863242 -1.48702
-0.829576 -1.43712
-0.811257 -1.43239
-0.80467 -1.47587
-0.779156 -1.42313
-0.765569 -1.41782
-0.760163 -1.41184
-0.738814 -1.40577
-0.720582 -1.38987
-0.711183 -1.39677
-0.702677 -1.39315
-0.6975 -1.38594
-0.679415 -1.38101
-0.677005 -1.37699
-0.670164 -1.37012
-0.660314 -1.36097
-0.643139 -1.35926
-0.633383 -1.35296
-0.624131 -1.34451
-0.613794 -1.33666
-0.607821 -1.33313
-0.583494 -1.3229
-0.570368 -1.30791
-0.535486 -1.29702
-0.554537 -1.28714
-0.522056 -1.27698
-0.509533 -1.26815
-0.49683 -1.25535
-0.483705 -1.25003
-0.463507 -1.24708
-0.45423 -1.24032
-0.448285 -1.23271
-0.424302 -1.21332
-0.416239 -1.20388
-0.40771 -1.1922
-0.3942 -1.18543
-0.372499 -1.17234
-0.36293 -1.1657
-0.358227 -1.15956
-0.343942 -1.13906
-0.325502 -1.1275
-0.310488 -1.11161
-0.296013 -1.10296
-0.284876 -1.09746
-0.267464 -1.08365
-0.253465 -1.07668
-0.251827 -1.06972
-0.240843 -1.05936
-0.23328 -1.04798
-0.217009 -1.03467
-0.202285 -1.02854
-0.209894 -1.0266
-0.194237 -1.01613
-0.184234 -1.00689
-0.170442 -0.99498
-0.16833 -0.950215
-0.151568 -0.947294
-0.142069 -0.939016
-0.127546 -0.929931
-0.127033 -0.919547
-0.111355 -0.90499
-0.100945 -0.891947
-0.0924439 -0.879171
-0.0745218 -0.873991
-0.0680909 -0.857171
-0.0662645 -0.835243
-0.0592062 -0.820524
-0.0116018 -0.808467
0.0015398 -0.801043
0.0115312 -0.785793
0.0200065 -0.767079
0.0251187 -0.757442
0.0239883 -0.74408
0.0329157 -0.730101
0.0471447 -0.723784
0.0507654 -0.70937
0.0569278 -0.70372
0.0787568 -0.685485
0.0841161 -0.675096
0.0984321 -0.666943
0.119454 -0.652298
0.125938 -0.633793
0.135072 -0.618132
0.146899 -0.59827
0.15364 -0.579653
0.164757 -0.5568
0.169804 -0.53991
0.173608 -0.523416
0.173619 -0.519319
0.181783 -0.509546
0.185844 -0.500931
0.193331 -0.425403
0.196335 -0.407963
0.196523 -0.405493
0.205349 -0.394935
0.216718 -0.382797
0.223392 -0.370194
0.224576 -0.356872
0.229411 -0.344265
0.232383 -0.33208
0.244615 -0.314561
0.245307 -0.304284
0.257384 -0.283858
0.262819 -0.278116
0.271825 -0.260486
0.281595 -0.251549
0.286709 -0.236639
0.284399 -0.207642
0.291061 -0.197986
0.289911 -0.187553
0.295279 -0.168124
0.29663 -0.152767
0.299141 -0.143474
0.296983 -0.123036
0.293891 -0.106502
0.301389 -0.0977389
0.30374 -0.0826791
0.310649 -0.0724163
0.316566 -0.0539714
0.319523 -0.0429682
0.327847 -0.0326307
0.327389 -0.0224053
0.332424 -0.0163475
0.330169 0.0477558
0.341995 0.0508421
0.339726 0.0653668
0.34133 0.0815163
0.344926 0.0833871
0.340037 0.109503
0.340053 0.121231
0.344334 0.133206
0.348375 0.140421
0.347565 0.155096
0.351876 0.163056
0.35099 0.179818
0.349447 0.189187
0.354285 0.197008
0.356926 0.210897
0.357939 0.224574
0.35906 0.233454
0.354355 0.243877
0.35215 0.26417
0.349387 0.270586
0.346858 0.279537
0.349476 0.291437
0.345106 0.303847
0.335023 0.319652
0.340492 0.327617
0.337928 0.339358
0.325408 0.356359
0.325332 0.371634
0.328909 0.383945
0.318849 0.400995
0.317681 0.411913
0.303547 0.435911
0.300613 0.444408
0.295442 0.451509
0.288615 0.456505
0.288316 0.465975
0.276417 0.478479
0.278535 0.485314
0.273184 0.500351
0.271608 0.506135
0.26274 0.515659
0.262422 0.522192
0.262659 0.532383
0.25685 0.578704
0.25546 0.60469
0.248157 0.622114
0.24116 0.628712
0.240016 0.63796
0.234324 0.645769
0.235437 0.661231
0.231659 0.671711
0.228093 0.681958
0.2234 0.697442
0.219441 0.710532
0.207155 0.733682
0.203448 0.745329
0.201664 0.753647
0.191643 0.762608
0.180257 0.77597
0.177984 0.79039
0.164861 0.80706
0.157534 0.821239
0.144739 0.836448
0.138256 0.850697
0.125567 0.861754
