0.736507 0.00766424
0.716801 -0.0112768
0.713317 -0.0191166
0.702134 -0.0263201
0.702511 -0.0140315
0.697049 -0.0156244
0.699446 -0.0172814
0.685354 -0.0206047
0.689181 -0.0226576
0.684108 0.0226924
0.67546 0.0272747
0.671652 0.0306587
0.665364 0.0361935
0.663581 0.0384123
0.653617 0.0420387
0.653853 0.0510111
0.64935 0.046267
0.650502 0.0526823
0.654756 0.0641742
0.640876 0.0675459
0.632683 0.07028
0.631532 0.0746722
0.641139 0.0802713
0.638186 0.093752
0.626885 0.106607
0.624492 0.108328
0.62498 0.108021
0.631917 0.111208
0.625243 0.114642
0.617001 0.121231
0.612372 0.122903
0.61228 0.130095
0.606667 0.14197
0.604454 0.151203
0.603479 0.150817
0.607281 0.157954
0.604162 0.165505
0.599334 0.164322
0.599505 0.16324
0.596132 0.173176
0.594467 0.172743
0.600419 0.173091
0.597073 0.177727
0.597105 0.182145
0.595989 0.184936
0.58846 0.185746
0.584682 0.186174
0.584112 0.187695
0.591447 0.195521
0.582923 0.206867
0.578072 0.21044
0.581372 0.205297
0.578804 0.207037
0.572673 0.206454
0.576501 0.203877
0.577533 0.200319
0.576705 0.196778
0.569848 0.203394
0.568741 0.21033
0.568207 0.219817
0.564655 0.226992
0.567546 0.230394
0.57172 0.228037
0.571333 0.238546
0.570687 0.238207
0.565223 0.249859
0.561158 0.260152
0.56251 0.257747
0.561925 0.260294
0.560216 0.26657
0.563 0.276521
0.563687 0.277859
0.561626 0.27967
0.560311 0.279433
0.561159 0.281344
0.560098 0.282871
0.565414 0.287088
0.563423 0.293457
0.566188 0.296058
0.563028 0.300172
0.562684 0.299809
0.554433 0.312135
0.556183 0.31468
0.554943 0.311944
0.551567 0.317947
0.552811 0.318581
0.550161 0.320089
0.551685 0.327407
0.552541 0.32979
0.55275 0.337011
0.556439 0.356421
0.550159 0.361331
0.547339 0.35928
0.547562 0.363163
0.545324 0.364191
0.538923 0.369044
0.539997 0.369615
0.54071 0.371402
0.54473 0.370585
0.540991 0.376601
0.539019 0.378669
0.532048 0.382068
0.531624 0.383362
0.525882 0.383132
0.518495 0.385616
0.519025 0.387709
0.519912 0.388092
0.518132 0.387591
0.514332 0.393405
0.513059 0.392067
0.510576 0.39047
0.505825 0.393055
0.507908 0.393462
0.50809 0.388476
0.504219 0.389175
0.502621 0.393413
0.505816 0.395416
0.505411 0.395738
0.5074 0.393404
0.507081 0.396451
0.500022 0.39326
0.500218 0.391521
0.501955 0.392056
0.500568 0.392724
0.498215 0.39142
0.500126 0.392216
0.499963 0.395598
0.496416 0.401183
0.497454 0.408598
0.489329 0.41344
0.485583 0.412672
0.486394 0.410724
0.482727 0.408736
0.476312 0.418059
0.481333 0.420285
0.478756 0.421191
0.479513 0.420997
0.478559 0.418777
0.479316 0.421231
0.476602 0.422603
0.484959 0.424868
0.48526 0.424286
0.484501 0.426185
0.480628 0.432854
0.477615 0.433674
0.478454 0.432003
0.478559 0.432745
0.471961 0.43761
0.47135 0.432655
0.467687 0.430584
0.468526 0.433206
0.467719 0.435007
0.468295 0.4374
0.461047 0.440395
0.459656 0.438204
0.461123 0.434495
0.462141 0.431482
0.461269 0.440272
0.460678 0.438323
0.432812 0.443967
0.428497 0.447372
0.420815 0.447159
0.457637 0.447549
0.423076 0.448121
0.453752 0.450263
0.450511 0.453537
0.414019 0.453662
0.420049 0.45558
0.41389 0.459622
0.414692 0.467955
0.4171 0.469088
0.415765 0.469534
0.409017 0.468054
0.406032 0.471154
0.406093 0.471436
0.396706 0.472949
0.398532 0.482793
0.397714 0.483722
0.395284 0.481065
0.399552 0.494631
0.399933 0.499489
0.393264 0.504407
0.376327 0.527676
0.377262 0.533281
0.368472 0.546591
0.360087 0.555877
0.356618 0.560363
0.346985 0.568892
0.348131 0.576803
0.341441 0.581951
0.333103 0.590067
0.329953 0.596599
0.322487 0.59926
0.309747 0.605012
0.297693 0.618049
0.279256 0.628182
0.264701 0.641366
0.254879 0.645252
0.24759 0.653064
0.240412 0.659851
0.229339 0.669377
0.221009 0.677477
0.211417 0.686614
0.210804 0.691631
0.199856 0.715492
0.191692 0.725238
0.180878 0.725999
0.171808 0.741596
0.158886 0.762968
0.148161 0.778313
0.1323 0.790965
0.108509 0.815767
0.0923222 0.830255
0.0767305 0.837974
0.0624871 0.856004
0.0442902 0.867147
0.028325 0.880233
0.00878856 0.894299
-0.0103683 0.905784
-0.0316536 0.917762
-0.0645553 0.935118
-0.0748931 0.943251
-0.0902426 0.955418
-0.103541 0.969695
-0.126704 0.978612
-0.144845 0.985931
-0.159001 0.988496
-0.172693 0.9965
-0.184654 1.00351
-0.212282 1.0312
-0.227388 1.04171
-0.234325 1.05888
-0.248229 1.06628
-0.256927 1.07507
-0.27723 1.07942
-0.288004 1.09547
-0.293236 1.10468
-0.302289 1.11524
-0.320272 1.11578
-0.33667 1.13691
-0.338967 1.15129
-0.361779 1.16361
-0.380975 1.17508
-0.392121 1.18251
-0.398927 1.19144
-0.421355 1.20219
-0.435884 1.21907
-0.45175 1.22909
-0.459732 1.24006
-0.472632 1.25352
-0.482011 1.26026
-0.492885 1.27241
-0.506108 1.27143
-0.521535 1.27635
-0.533991 1.28388
-0.553956 1.29579
-0.571554 1.29937
-0.586473 1.30746
-0.600378 1.31043
-0.611575 1.32124
-0.630863 1.32395
-0.64692 1.33551
-0.665179 1.35022
-0.690033 1.36003
-0.703888 1.36905
-0.722141 1.37191
-0.734536 1.37583
-0.740589 1.37675
-0.758624 1.38561
-0.768617 1.39402
-0.787822 1.40277
-0.800869 1.40491
-0.815221 1.40777
-0.827902 1.42292
-0.8482 1.42697
-0.861348 1.42613
-0.868978 1.43123
-0.887139 1.43676
-0.903535 1.43594
-0.915214 1.43458
-0.926175 1.43613
-0.936084 1.43979
-0.950387 1.4419
-0.960832 1.45141
-0.972787 1.44861
-0.999274 1.45268
-1.01478 1.45922
-1.02894 1.4508
-1.04286 1.45104
-1.05371 1.4521
-1.08381 1.44393
-1.09362 1.44555
-1.11575 1.44273
-1.12618 1.45142
-1.14863 1.45574
-1.1684 1.45157
-1.18744 1.45527
-1.19814 1.45946
-1.21413 1.46415
-1.22819 1.46327
-1.2416 1.46609
-1.26389 1.46876
-1.27386 1.46493
-1.29334 1.46541
-1.30855 1.46525
-1.32497 1.46872
-1.33874 1.46391
-1.3464 1.46326
-1.36415 1.46241
-1.37966 1.46583
-1.39451 1.45268
-1.4095 1.45598
-1.41919 1.45065
-1.43425 1.45643
-1.44494 1.45375
-1.45332 1.4512
-1.47776 1.45013
-1.48671 1.45018
-1.49901 1.45787
-1.5127 1.45533
-1.52579 1.44976
-1.55347 1.45419
-1.56751 1.45139
-1.57833 1.45783
-1.60049 1.45282
-1.61789 1.45519
-1.62949 1.44713
-1.64615 1.44556
-1.65958 1.44979
-1.67385 1.44663
-1.69019 1.44296
-1.70002 1.44693
-1.71395 1.44213
-1.72549 1.44838
-1.74018 1.44489
-1.75394 1.44268
-1.76879 1.44096
-1.78124 1.43807
-1.79165 1.43751
-1.8103 1.44114
-1.83215 1.44143
-1.84249 1.43335
-1.8515 1.42589
-1.86534 1.4225
-1.88461 1.42225
-1.89502 1.41891
-1.91645 1.41409
-1.92569 1.40166
-1.94508 1.392
-1.95705 1.38947
-1.96956 1.38264
-1.97928 1.37473
-1.9934 1.37423
-2.00285 1.36163
-2.02078 1.35483
-2.03381 1.34888
-2.044 1.34106
-2.06001 1.33398
-2.08019 1.33393
-2.0982 1.33055
-2.10718 1.32346
-2.11305 1.31564
-2.12071 1.30806
-2.13833 1.30184
-2.1602 1.29313
-2.17906 1.28771
-2.18504 1.2825
-2.19631 1.27598
-2.20933 1.26658
-2.22974 1.26442
-2.24994 1.25855
-2.26354 1.25662
-2.27051 1.25307
-2.28088 1.23831
-2.29944 1.2351
-2.31253 1.22715
-2.31867 1.21717
-2.33002 1.20686
-2.33682 1.2033
-2.35905 1.18799
-2.36273 1.17804
-2.37608 1.18502
-2.38668 1.17228
-2.40136 1.16364
-2.41351 1.15848
-2.42557 1.15554
-2.44678 1.14858
-2.45923 1.13417
-2.47866 1.13219
-2.48709 1.12038
-2.50254 1.10916
-2.51493 1.09735
-2.53288 1.09208
-2.54209 1.08308
-2.56924 1.06193
-2.57771 1.05837
-2.57811 0.960865
-2.59286 0.957877
-2.59733 0.950508
-2.60462 0.935559
-2.62224 0.935948
-2.63106 0.929835
-2.64475 0.909564
-2.65778 0.910478
-2.67058 0.901319
-2.67643 0.899921
-2.6967 0.895144
-2.70644 0.886922
-2.71283 0.868621
-2.71695 0.869142
-2.72831 0.863338
-2.73923 0.85077
-2.74499 0.840543
-2.76224 0.825401
-2.76586 0.819702
-2.77577 0.814044
-2.79493 0.800735
-2.80135 0.790601
-2.81482 0.789151
-2.82042 0.781327
-2.82695 0.780504
-2.84681 0.768008
-2.85392 0.76925
-2.8699 0.763749
-2.8913 0.763387
-2.89732 0.752887
-2.8958 0.743326
-2.90384 0.736761
-2.92536 0.72954
-2.93369 0.727186
-2.94007 0.719224
-2.95091 0.717381
-2.95797 0.694178
-2.96349 0.682898
-2.96502 0.670495
-2.97271 0.670141
-2.98311 0.658407
-2.98888 0.643304
-2.99008 0.639424
-2.99778 0.633838
-3.00722 0.629601
-3.01679 0.620773
-3.01719 0.616944
-3.01961 0.607149
-3.03081 0.597196
-3.03357 0.59206
-3.04169 0.580003
-3.07282 0.575341
-3.07881 0.566735
-3.08606 0.554871
-3.08605 0.541717
-3.08527 0.53088
-3.0986 0.528991
-3.11138 0.527017
-3.11718 0.463488
-3.12496 0.445702
-3.12232 0.432946
-3.12601 0.420746
-3.13779 0.406502
-3.13995 0.392564
-3.14126 0.382354
-3.1474 0.368551
-3.15241 0.357177
-3.15019 0.350779
-3.15373 0.337603
-3.15822 0.324971
-3.1609 0.311751
-3.16256 0.301868
-3.16122 0.291264
-3.16781 0.27409
-3.1593 0.261462
-3.16424 0.250637
-3.17535 0.222745
-3.1663 0.211533
-3.17433 0.195335
-3.17878 0.174868
-3.18249 0.164301
-3.18482 0.146846
-3.18807 0.135061
-3.19293 0.116989
-3.19583 0.102598
-3.20061 0.0921684
-3.20855 0.0774629
-3.20882 0.0661156
-3.19779 -0.024542
-3.20019 -0.0298063
-3.19984 -0.0434828
-3.19537 -0.058416
-3.20181 -0.0778504
-3.20091 -0.0911733
-3.19884 -0.0994544
-3.19655 -0.107063
-3.19731 -0.12254
-3.19683 -0.127558
-3.1981 -0.139872
-3.19648 -0.149312
-3.18814 -0.163193
-3.17893 -0.170774
-3.17507 -0.184883
-3.1728 -0.199288
-3.17311 -0.207012
-3.16061 -0.221913
-3.14748 -0.239345
-3.14152 -0.259741
-3.13741 -0.269362
-3.13311 -0.287386
-3.12995 -0.297779
-3.12163 -0.30675
-3.11364 -0.310762
-3.1148 -0.332431
-3.10891 -0.34587
-3.10781 -0.356749
-3.09117 -0.370094
-3.0868 -0.386035
-3.08196 -0.400434
-3.08911 -0.423131
-3.08824 -0.500035
-3.09424 -0.506945
-3.09448 -0.524109
-3.0742 -0.525562
-3.07264 -0.535054
-3.08032 -0.55267
-3.0832 -0.5651
-3.06688 -0.586926
-3.0432 -0.588964
-3.03993 -0.610096
-3.0373 -0.621483
-3.03736 -0.632701
-3.03091 -0.647688
-3.02635 -0.652991
-3.01525 -0.665764
-3.01013 -0.681116
-2.99791 -0.692161
-2.99264 -0.721541
-2.99023 -0.732692
-2.97735 -0.745669
-2.97045 -0.755637
-2.9554 -0.762872
-2.95974 -0.771468
-2.95371 -0.78503
-2.94678 -0.800327
-2.93746 -0.812192
-2.93214 -0.820467
-2.93163 -0.830551
-2.91257 -0.849513
-2.90819 -0.849106
-2.89653 -0.85633
-2.88454 -0.866163
-2.88301 -0.866008
-2.87259 -0.883118
-2.85519 -0.895807
-2.85654 -0.901025
-2.851 -0.908224
-2.83807 -0.912327
-2.83544 -0.917269
-2.84513 -1.00441
-2.84171 -0.942707
-2.82846 -1.02022
-2.83267 -0.962629
-2.81877 -1.03501
-2.81439 -1.04868
-2.81081 -1.06321
-2.79546 -1.07148
-2.77928 -1.07616
-2.7849 -1.07514
-2.76937 -1.09345
-2.7609 -1.10257
-2.75786 -1.11744
-2.75597 -1.1194
-2.7521 -1.12675
-2.74591 -1.12577
-2.73747 -1.13348
-2.73321 -1.1476
-2.72212 -1.15685
-2.71226 -1.17034
-2.71276 -1.17228
-2.69753 -1.18152
-2.68882 -1.18764
-2.67731 -1.18939
-2.66658 -1.2025
-2.66245 -1.20698
-2.6575 -1.21225
-2.66247 -1.21787
-2.64689 -1.23421
-2.63193 -1.24195
-2.62428 -1.25182
-2.62367 -1.24979
-2.61351 -1.25302
-2.59728 -1.26241
-2.51012 -1.27236
-2.50424 -1.28181
-2.5021 -1.28275
-2.48835 -1.29246
-2.46933 -1.29273
-2.45552 -1.29617
-2.4463 -1.30544
-2.43009 -1.3156
-2.41355 -1.31959
-2.39841 -1.32468
-2.38208 -1.33328
-2.36595 -1.33665
-2.35451 -1.34596
-2.34347 -1.34922
-2.33398 -1.35637
-2.32419 -1.35503
-2.3097 -1.36131
-2.29812 -1.36695
-2.28025 -1.37212
-2.26871 -1.38378
-2.25308 -1.39078
-2.22691 -1.4938
-2.20173 -1.5013
-2.19461 -1.40686
-2.17958 -1.42425
-2.17849 -1.41634
-2.15731 -1.43215
-2.13294 -1.52542
-2.12311 -1.43903
-2.095 -1.52538
-2.09042 -1.44339
-2.0228 -1.5425
-2.01375 -1.55098
-2.00535 -1.54883
-1.99073 -1.54885
-1.98258 -1.55081
-1.96722 -1.55465
-1.94055 -1.56734
-1.92083 -1.5752
-1.9113 -1.57504
-1.89362 -1.58656
-1.87432 -1.59552
-1.8615 -1.6023
-1.84906 -1.60208
-1.83027 -1.61065
-1.81882 -1.6137
-1.7961 -1.62141
-1.78826 -1.61546
-1.77567 -1.61733
-1.7601 -1.62686
-1.74703 -1.63255
-1.72995 -1.63246
-1.71401 -1.63757
-1.69598 -1.63562
-1.68452 -1.63928
-1.67101 -1.63557
-1.65404 -1.63745
-1.6326 -1.6361
-1.60971 -1.63294
-1.60288 -1.6286
-1.56285 -1.64036
-1.55158 -1.64129
-1.53891 -1.63607
-1.53342 -1.62946
-1.52307 -1.6279
-1.505 -1.6256
-1.4853 -1.62772
-1.47084 -1.62263
-1.45498 -1.61861
-1.43619 -1.61271
-1.41898 -1.61155
-1.40718 -1.60791
-1.38326 -1.60055
-1.37479 -1.59271
-1.36059 -1.58894
-1.3381 -1.59149
-1.32847 -1.58918
-1.31137 -1.58384
-1.29039 -1.58018
-1.25437 -1.5805
-1.24474 -1.57813
-1.22599 -1.57377
-1.20964 -1.56984
-1.18727 -1.56644
-1.16804 -1.55845
-1.15637 -1.56125
-1.13632 -1.55889
-1.12406 -1.55413
-1.10627 -1.55873
-1.08053 -1.56233
-1.047 -1.55062
-1.0405 -1.5551
-1.02671 -1.54746
-1.01113 -1.53987
-0.995657 -1.5321
-0.975379 -1.5227
-0.957782 -1.51848
-0.950108 -1.5081
-0.932642 -1.50388
-0.920373 -1.4947
-0.909239 -1.46035
-0.890159 -1.44783
-0.877676 -1.44412
-0.854127 -1.44046
-0.837324 -1.43403
-0.827971 -1.42653
-0.819446 -1.41052
-0.806973 -1.40697
-0.792109 -1.39842
-0.784873 -1.3902
-0.767408 -1.37958
-0.75379 -1.37351
-0.728897 -1.34629
-0.710524 -1.33559
-0.699179 -1.32966
-0.690226 -1.31759
-0.67528 -1.30844
-0.654479 -1.30477
-0.641458 -1.29253
-0.638264 -1.28146
-0.621784 -1.26956
-0.607415 -1.25256
-0.596178 -1.24063
-0.581549 -1.23492
-0.574074 -1.22394
-0.569079 -1.2114
-0.565322 -1.20569
-0.566511 -1.18781
-0.482865 -1.18725
-0.469573 -1.17392
-0.449975 -1.14927
-0.439493 -1.13866
-0.426648 -1.12566
-0.411113 -1.11207
-0.397691 -1.09849
-0.377852 -1.08377
-0.36273 -1.07657
-0.353082 -1.05738
-0.343613 -1.04498
-0.327853 -1.04294
-0.314705 -1.04188
-0.299022 -1.04018
-0.288107 -1.03193
-0.279138 -0.936143
-0.261297 -0.927442
-0.239398 -0.918785
-0.229936 -1.02178
-0.220336 -1.01231
-0.228375 -1.01256
-0.199599 -1.01132
-0.190119 -1.01667
-0.184494 -1.00511
-0.159229 -1.00765
-0.157939 -0.99505
-0.119188 -0.994867
-0.134843 -0.816274
-0.0407061 -0.80794
-0.114236 -0.796337
-0.0269897 -0.778524
-0.0955729 -0.755091
-0.0944692 -0.74683
-0.088553 -0.714565
-0.0753041 -0.692658
-0.0684305 -0.677508
-0.0575792 -0.643961
0.0290788 -0.654507
0.038947 -0.639205
0.0436403 -0.628741
0.0459524 -0.596105
0.0529699 -0.594052
0.0525265 -0.583803
0.0642063 -0.577285
0.0527942 -0.475678
0.0658082 -0.465235
0.0799758 -0.448361
0.0802116 -0.430059
0.0977504 -0.424344
0.112353 -0.413607
0.120464 -0.389185
0.136343 -0.387868
0.138466 -0.372964
0.147831 -0.365579
0.155075 -0.356268
0.151971 -0.330963
0.158558 -0.309083
0.178873 -0.304724
0.179432 -0.289439
0.194106 -0.277036
0.196673 -0.262228
0.207187 -0.248213
0.209588 -0.230788
0.212163 -0.214148
0.221146 -0.188402
0.228308 -0.166007
0.232437 -0.154985
0.246364 -0.124141
0.254785 -0.117224
0.257395 -0.10134
0.262166 -0.0896613
0.254995 -0.080828
0.267531 -0.0615699
0.245864 0.0295329
0.252781 0.0301761
0.259803 0.0341101
0.258971 0.038559
0.277218 0.0529419
0.272867 0.065138
0.278102 0.0761685
0.276875 0.083709
0.277768 0.0886677
0.283625 0.0951983
0.284631 0.112412
0.285884 0.129171
0.287144 0.150721
0.29017 0.158848
0.300845 0.175243
0.306066 0.192876
0.299116 0.21073
0.299899 0.231526
0.30456 0.244127
0.308221 0.262831
0.304425 0.282789
0.304738 0.311413
0.31327 0.318473
0.316566 0.335156
0.311405 0.350559
0.304928 0.365703
0.304982 0.380038
0.306399 0.395866
0.302392 0.408969
0.308268 0.421516
0.298605 0.515043
0.296237 0.523149
0.289431 0.537858
0.293124 0.554726
0.291769 0.561946
0.284889 0.581758
0.283874 0.590429
0.282622 0.603987
0.276382 0.620041
0.272197 0.63014
0.268049 0.656902
0.263141 0.668292
0.2524 0.680398
0.246468 0.696757
0.245266 0.710945
0.245324 0.713574
0.237645 0.730465
0.23366 0.742987
0.227804 0.753722
0.21858 0.76337
0.213177 0.776792
0.211112 0.786527
0.20447 0.79909
0.198606 0.812761
0.193225 0.825056
0.180376 0.843096
0.172459 0.861479
0.166851 0.869346
0.159652 0.882628
0.153585 0.892841
0.144155 0.905093
0.133791 0.920424
0.128386 0.938225
0.117715 0.947936
0.11153 0.955926
0.101823 0.967531
0.0948398 0.970411
0.0870539 0.981434
0.0774831 0.99356
0.0671922 1.03204
0.0569152 1.05213
0.0491837 1.06066
0.0379717 1.07593
0.0299116 1.09078
0.0246822 1.10198
0.0178034 1.10986
0.00327441 1.11664
-0.00619061 1.12702
-0.0126831 1.13271
-0.018149 1.1385
-0.0272214 1.14456
-0.0445803 1.16118
-0.0509064 1.17088
-0.0856777 1.18998
-0.0969572 1.19786
-0.100138 1.21201
-0.108522 1.22278
-0.117676 1.23145
-0.12602 1.24654
-0.13292 1.25768
-0.14174 1.26506
-0.153547 1.27472
-0.170362 1.29285
-0.183121 1.3013
-0.194488 1.30779
-0.188957 1.31925
-0.200347 1.32691
-0.209734 1.33762
-0.217353 1.34963
-0.228985 1.3551
-0.238452 1.36283
-0.242777 1.37197
-0.259339 1.38633
-0.270039 1.39333
-0.276727 1.40254
-0.287576 1.40998
-0.295234 1.41782
-0.307945 1.42595
-0.316677 1.43102
-0.329126 1.43361
-0.337898 1.44124
-0.344793 1.45084
-0.354345 1.4575
-0.367276 1.46322
-0.37227 1.471
-0.380406 1.47707
-0.391625 1.47876
-0.398919 1.48973
-0.405306 1.48853
-0.412339 1.49749
-0.41671 1.50012
-0.42914 1.50725
-0.435234 1.50492
-0.446791 1.5112
-0.455894 1.5409
-0.472038 1.54528
-0.473691 1.54696
-0.483219 1.5505
-0.49405 1.55854
-0.508776 1.56355
-0.507036 1.56807
-0.513987 1.57733
-0.522203 1.58375
-0.534882 1.59362
-0.539425 1.60122
-0.547038 1.61207
-0.552787 1.61138
-0.55138 1.60846
-0.55311 1.60102
-0.552181 1.59506
-0.549426 1.60644
-0.548536 1.6085
-0.557639 1.61033
-0.577953 1.61741
-0.579011 1.62026
-0.581585 1.62013
-0.587609 1.62418
-0.592484 1.62749
-0.594324 1.63577
-0.595683 1.64214
-0.606267 1.64859
-0.610426 1.64944
-0.619746 1.65278
-0.624965 1.65674
-0.628697 1.66188
-0.627703 1.66561
-0.635131 1.66952
-0.6473 1.67294
-0.64906 1.67794
-0.651836 1.68076
-0.660515 1.67991
-0.664246 1.67794
-0.67081 1.67969
-0.674799 1.67876
-0.678701 1.679
-0.679074 1.67999
-0.681084 1.68401
-0.678774 1.68588
-0.679498 1.68593
-0.683685 1.68561
-0.688908 1.68575
-0.69359 1.69002
-0.700507 1.68853
-0.701872 1.68167
-0.699947 1.68346
-0.700218 1.68099
-0.709372 1.68398
-0.712221 1.6879
-0.711615 1.68981
-0.719261 1.69223
-0.72263 1.68898
-0.721205 1.68943
-0.719762 1.676
-0.722471 1.68043
-0.72759 1.67909
-0.73441 1.68176
-0.736063 1.68821
-0.743704 1.6917
-0.744277 1.69235
-0.743716 1.68883
-0.748714 1.6913
-0.750134 1.69595
-0.75562 1.70072
-0.757963 1.70095
-0.751474 1.70507
-0.755138 1.70379
-0.768847 1.70514
-0.770441 1.70943
-0.775349 1.71027
-0.785277 1.7115
-0.800937 1.7139
-0.808064 1.7132
-0.81414 1.71484
-0.824796 1.71679
-0.830176 1.71598
-0.834022 1.71607
-0.839182 1.71832
-0.846189 1.71468
-0.851112 1.71992
-0.856202 1.72161
-0.862931 1.72134
-0.860938 1.72381
-0.867824 1.71922
-0.876288 1.72261
-0.877743 1.72451
-0.880857 1.72733
-0.885924 1.72806
-0.879653 1.72139
-0.8865 1.722
-0.889686 1.72334
-0.899488 1.72425
-0.907292 1.71599
-0.91279 1.71731
-0.917075 1.71959
-0.924215 1.72303
-0.933062 1.72662
-0.936545 1.72899
-0.936984 1.72654
-0.943102 1.72847
-0.947432 1.72926
-0.949716 1.72998
-0.952401 1.72809
-0.956395 1.73276
-0.957603 1.71956
-0.960566 1.72121
-0.960167 1.72198
-0.964557 1.71458
-0.965916 1.71613
-0.970603 1.71302
-0.974423 1.71086
-0.977285 1.71615
-0.98124 1.71951
-0.985482 1.71569
-0.992465 1.71545
-0.99349 1.71867
-0.999258 1.716
-0.997464 1.7117
-1.01057 1.70459
-1.01407 1.70819
-1.0204 1.70434
-1.02282 1.70148
-1.02165 1.70187
-1.02954 1.70473
-1.04157 1.70774
-1.04535 1.71041
-1.0554 1.70944
-1.05537 1.70976
-1.05624 1.70808
-1.06247 1.7072
-1.06704 1.70945
-1.07352 1.71106
-1.07795 1.70881
-1.08022 1.70576
-1.0793 1.70957
-1.0832 1.70724
-1.09028 1.70761
-1.09128 1.70789
-1.08712 1.70678
-1.09435 1.70999
-1.09637 1.71297
-1.09305 1.71774
-1.09277 1.71693
-1.10104 1.71191
-1.10523 1.7115
-1.11076 1.7122
-1.11302 1.7123
-1.115 1.71132
-1.1042 1.70934
-1.10392 1.71077
-1.10195 1.7103
-1.11001 1.71492
-1.11692 1.70887
-1.1237 1.70873
-1.13366 1.70486
-1.14108 1.7047
-1.15038 1.70306
-1.15843 1.70915
-1.15974 1.70863
-1.16456 1.70803
-1.16692 1.70869
-1.17175 1.70839
-1.17536 1.70791
-1.18027 1.7095
-1.19205 1.71214
-1.19285 1.71078
-1.19411 1.71148
-1.19555 1.71356
-1.20418 1.72536
-1.20827 1.72227
-1.21602 1.72741
-1.22206 1.7248
-1.22648 1.72254
-1.22489 1.72436
-1.2297 1.72857
-1.23455 1.73322
-1.24069 1.73567
-1.24153 1.73381
-1.24546 1.73111
-1.25028 1.72743
-1.25445 1.72987
-1.25282 1.73327
-1.25834 1.7283
-1.25896 1.7263
-1.25776 1.72287
-1.26762 1.72334
-1.27147 1.72521
-1.26841 1.72669
-1.26248 1.72499
-1.26833 1.72692
-1.27501 1.72602
-1.28373 1.72335
-1.28382 1.72029
-1.28844 1.71746
-1.29459 1.71185
-1.3006 1.71053
-1.30905 1.71289
-1.31216 1.71385
-1.31903 1.71372
-1.3209 1.71327
-1.3279 1.71269
-1.32758 1.71772
-1.33721 1.7252
-1.33859 1.72218
-1.34448 1.72092
-1.35651 1.72574
-1.35896 1.72476
-1.36481 1.72472
-1.37276 1.72372
-1.37688 1.7237
-1.38364 1.72475
-1.39436 1.72636
-1.39777 1.73265
-1.40792 1.73028
-1.4048 1.72628
-1.41475 1.73388
-1.41772 1.73101
-1.42593 1.72651
-1.44372 1.72081
-1.45183 1.71774
-1.46239 1.71476
-1.4687 1.71853
-1.47214 1.71597
-1.47715 1.71356
-1.4806 1.71214
-1.4826 1.70461
-1.48323 1.70946
-1.48657 1.70947
-1.49614 1.7085
-1.50193 1.70776
-1.50862 1.71274
-1.51129 1.70997
-1.5241 1.7168
-1.53785 1.71208
-1.56669 1.70921
-1.5693 1.71476
-1.57734 1.7153
-1.58181 1.7163
-1.58739 1.71622
-1.58829 1.71396
-1.59082 1.71982
-1.59901 1.72087
-1.60475 1.72014
-1.60811 1.72124
-1.61587 1.7245
-1.62237 1.72198
-1.62727 1.71297
-1.63614 1.71646
-1.64698 1.71577
-1.65761 1.71187
-1.66362 1.7145
-1.66737 1.7179
-1.67669 1.71906
-1.68809 1.71289
-1.70082 1.71653
-1.70635 1.71391
-1.71019 1.7108
-1.71361 1.70866
-1.71874 1.7045
-1.7232 1.7004
-1.72484 1.69683
-1.73112 1.69532
-1.73517 1.69455
-1.74137 1.6948
-1.74824 1.70022
-1.7618 1.70559
-1.76802 1.70558
-1.77968 1.70078
-1.78433 1.69908
-1.79282 1.70288
-1.80311 1.7102
-1.80919 1.70756
-1.81644 1.70743
-1.81884 1.70799
-1.82333 1.70418
-1.82856 1.70299
-1.83504 1.70465
-1.84142 1.70145
-1.84413 1.69844
-1.84913 1.69675
-1.85237 1.69631
-1.86004 1.69885
-1.86634 1.69447
-1.87342 1.69746
-1.87595 1.69042
-1.87624 1.69044
-1.88252 1.6958
-1.8877 1.69873
-1.88965 1.69836
-1.89181 1.69492
-1.89726 1.6932
-1.89986 1.68999
-1.90328 1.68994
-1.91795 1.68455
-1.93034 1.6808
-1.935 1.67804
-1.94124 1.67535
-1.94567 1.67222
-1.95399 1.66652
-1.95713 1.66457
-1.9586 1.65847
-1.96915 1.65806
-1.97542 1.65941
-1.98002 1.65917
-1.98803 1.65798
-1.99114 1.65764
-1.99322 1.65678
-2.00183 1.65941
