0.745832 0.0213799
0.740222 0.0285559
0.728035 0.0626406
0.705792 0.0779562
0.69236 0.0899572
0.681224 0.10395
0.674735 0.108609
0.658616 0.118261
0.638911 0.12793
0.635714 0.13765
0.633586 0.135904
0.622949 0.138969
0.618711 0.141092
0.622706 0.134369
0.615764 0.137606
0.612155 0.14015
0.612367 0.139021
0.608948 0.138586
0.609273 0.138704
0.598951 0.14926
0.59678 0.155414
0.593065 0.160083
0.602292 0.163576
0.595766 0.16194
0.593744 0.17032
0.595477 0.169218
0.594179 0.170893
0.587056 0.182362
0.584594 0.188065
0.585354 0.184359
0.57959 0.187053
0.578828 0.192158
0.578577 0.193915
0.575067 0.204257
0.571589 0.208579
0.568639 0.209557
0.569698 0.21
0.566551 0.222385
0.561006 0.21774
0.557686 0.21366
0.558428 0.221933
0.559872 0.228209
0.557732 0.228363
0.566063 0.234551
0.567224 0.233691
0.570046 0.230685
0.570513 0.230675
0.564099 0.238925
0.566227 0.238907
0.56068 0.240216
0.560205 0.243837
0.556811 0.24221
0.557083 0.249615
0.555293 0.256807
0.552432 0.265376
0.551467 0.266109
0.550821 0.27325
0.552681 0.279102
0.546912 0.285985
0.544314 0.29152
0.542073 0.291631
0.542188 0.291973
0.539636 0.294026
0.536391 0.294686
0.538383 0.294679
0.539807 0.297871
0.544099 0.295259
0.54329 0.293977
0.540803 0.295279
0.545128 0.308309
0.536273 0.309109
0.531656 0.311127
0.528951 0.31278
0.530537 0.310394
0.526457 0.309494
0.526359 0.31376
0.52486 0.311449
0.525483 0.314314
0.521739 0.322802
0.522249 0.323132
0.524915 0.326595
0.52399 0.32719
0.521219 0.330594
0.518414 0.330425
0.513345 0.340638
0.518649 0.345829
0.516804 0.342572
0.513824 0.346769
0.519837 0.345277
0.517221 0.352733
0.520674 0.362107
0.516428 0.360194
0.512417 0.357523
0.512091 0.369655
0.511907 0.370859
0.51754 0.368438
0.517276 0.373689
0.520148 0.373638
0.521995 0.374767
0.526458 0.38536
0.526563 0.381424
0.531283 0.38208
0.524938 0.388183
0.521262 0.389609
0.518983 0.391315
0.513706 0.401653
0.51828 0.405865
0.51413 0.409571
0.514863 0.411463
0.516309 0.407759
0.516 0.407686
0.518779 0.407286
0.514142 0.41132
0.512024 0.412981
0.509957 0.425089
0.505494 0.430776
0.502624 0.442609
0.500823 0.439813
0.494787 0.436525
0.496391 0.44406
0.490011 0.444492
0.488739 0.444935
0.498102 0.453768
0.495819 0.454653
0.493903 0.451505
0.505045 0.450212
0.503908 0.447553
0.492637 0.448392
0.492045 0.454183
0.492092 0.456272
0.4912 0.454545
0.491654 0.457557
0.484589 0.45494
0.489683 0.452131
0.487201 0.455715
0.48267 0.456037
0.481925 0.464254
0.479717 0.462921
0.477276 0.468869
0.473443 0.471082
0.472673 0.468332
0.479832 0.466236
0.478884 0.464157
0.483877 0.461478
0.483648 0.453003
0.477792 0.461747
0.482603 0.463802
0.471224 0.468937
0.479912 0.471094
0.479189 0.47319
0.474243 0.477244
0.472928 0.473747
0.47716 0.47811
0.479025 0.480847
0.482029 0.48523
0.472833 0.488374
0.43106 0.499851
0.428751 0.499263
0.474488 0.487524
0.420228 0.507956
0.419947 0.502184
0.477504 0.494105
0.405494 0.551945
0.403763 0.562706
0.401833 0.565382
0.401212 0.567723
0.402019 0.570581
0.40473 0.57718
0.405714 0.580086
0.398025 0.586886
0.40447 0.595653
0.396661 0.599656
0.399467 0.611139
0.394336 0.613219
0.385835 0.613713
0.37986 0.622948
0.377416 0.630641
0.375099 0.633313
0.371091 0.647644
0.368913 0.655442
0.365863 0.660019
0.362393 0.669144
0.35424 0.676751
0.353125 0.691295
0.350492 0.692614
0.344526 0.702999
0.344386 0.71331
0.336744 0.724433
0.336694 0.72371
0.327638 0.733308
0.311191 0.740736
0.303592 0.749568
0.29581 0.761966
0.291508 0.766287
0.287328 0.772261
0.277291 0.779881
0.272138 0.783399
0.27196 0.786719
0.263389 0.79323
0.25819 0.810363
0.259025 0.816451
0.246873 0.82216
0.240963 0.827888
0.234485 0.831313
0.228228 0.832211
0.215845 0.841652
0.197018 0.858923
0.184348 0.86252
0.17892 0.870922
0.165087 0.890529
0.143906 0.917394
0.134505 0.920441
0.121206 0.929389
0.108441 0.949057
0.0871705 0.964442
0.0678486 0.979678
0.0588196 0.986484
0.0453117 0.991357
0.0255422 1.02852
0.0209143 1.03662
0.00998865 1.04802
0.00442651 1.05503
-0.0124964 1.06996
-0.0281412 1.0812
-0.0797667 1.0854
-0.0910707 1.10231
-0.103655 1.12858
-0.115618 1.1324
-0.136061 1.14695
-0.157603 1.16577
-0.16672 1.17101
-0.186658 1.18422
-0.193392 1.18125
-0.222234 1.19688
-0.235308 1.20798
-0.25396 1.21208
-0.267691 1.22866
-0.283331 1.2381
-0.310571 1.26052
-0.321998 1.26573
-0.343766 1.2819
-0.36356 1.29665
-0.378782 1.30197
-0.394825 1.31668
-0.404403 1.32406
-0.416833 1.33438
-0.429172 1.34828
-0.44875 1.35471
-0.466621 1.36879
-0.47565 1.3648
-0.491183 1.36721
-0.509761 1.37716
-0.520768 1.38134
-0.535602 1.38608
-0.55055 1.39333
-0.574675 1.39949
-0.588238 1.40003
-0.598634 1.411
-0.605351 1.41294
-0.620579 1.42581
-0.647521 1.43309
-0.664336 1.44135
-0.67917 1.45425
-0.692688 1.46887
-0.711661 1.47394
-0.726434 1.47687
-0.73868 1.48077
-0.749144 1.47986
-0.764318 1.48297
-0.790202 1.48193
-0.809713 1.52584
-0.822345 1.48822
-0.845703 1.53202
-0.859501 1.52941
-0.874906 1.53025
-0.888996 1.52845
-0.905473 1.542
-0.919388 1.55207
-0.931601 1.54474
-0.944848 1.54603
-0.961182 1.54224
-0.979616 1.54379
-0.99538 1.54691
-1.00683 1.54502
-1.02504 1.54883
-1.03963 1.50977
-1.07202 1.50943
-1.08265 1.50902
-1.09746 1.51282
-1.11093 1.50906
-1.12333 1.50861
-1.13316 1.51164
-1.14838 1.54934
-1.16508 1.5521
-1.17648 1.55643
-1.19247 1.5526
-1.20991 1.55667
-1.23305 1.54716
-1.24808 1.54048
-1.27334 1.55116
-1.28823 1.54642
-1.3113 1.52393
-1.32851 1.51518
-1.3538 1.51877
-1.36557 1.51434
-1.3782 1.51276
-1.39238 1.51971
-1.39861 1.51623
-1.41222 1.5196
-1.43541 1.53774
-1.44555 1.53566
-1.45506 1.53391
-1.46534 1.53812
-1.48629 1.53236
-1.50801 1.52685
-1.5186 1.52912
-1.52913 1.53055
-1.54231 1.5296
-1.55657 1.5299
-1.57068 1.52443
-1.5809 1.48867
-1.59389 1.48473
-1.60851 1.47898
-1.62724 1.48048
-1.63891 1.4736
-1.64853 1.47232
-1.66118 1.46924
-1.6877 1.48146
-1.70901 1.47015
-1.72454 1.46907
-1.73541 1.46385
-1.75369 1.4596
-1.77875 1.46036
-1.78755 1.45359
-1.79522 1.44757
-1.80445 1.43703
-1.81992 1.43664
-1.84267 1.43328
-1.85681 1.42923
-1.86989 1.42916
-1.88924 1.42018
-1.90626 1.41002
-1.92054 1.40086
-1.92736 1.39304
-1.94223 1.38508
-1.96014 1.37602
-1.97558 1.36618
-1.99161 1.35437
-2.00886 1.35004
-2.01836 1.34732
-2.03623 1.33818
-2.04601 1.33381
-2.06738 1.32852
-2.07497 1.32266
-2.08754 1.31338
-2.09652 1.30626
-2.1101 1.29366
-2.12886 1.28006
-2.13673 1.27435
-2.15503 1.27082
-2.16499 1.25921
-2.1788 1.24614
-2.19217 1.23652
-2.20671 1.22859
-2.21418 1.22081
-2.22814 1.20991
-2.24591 1.20513
-2.25966 1.19731
-2.26809 1.1891
-2.27653 1.17995
-2.28995 1.1747
-2.29624 1.1662
-2.3071 1.16093
-2.315 1.15481
-2.32557 1.14571
-2.33608 1.14112
-2.34814 1.13407
-2.35998 1.12106
-2.36903 1.11152
-2.38108 1.09981
-2.39323 1.08495
-2.4002 1.07693
-2.4135 1.06078
-2.42382 1.05249
-2.44176 1.04247
-2.4487 1.02023
-2.46405 1.01279
-2.47032 1.00114
-2.48413 0.985976
-2.4942 0.975306
-2.50493 0.968742
-2.5157 0.958532
-2.52387 0.945944
-2.53037 0.934908
-2.5495 0.925885
-2.55658 0.911718
-2.56691 0.910791
-2.57427 0.898602
-2.59227 0.894512
-2.60341 0.886303
-2.60943 0.880824
-2.6241 0.867808
-2.63497 0.857084
-2.6417 0.848988
-2.6531 0.837343
-2.65895 0.828443
-2.66398 0.820295
-2.67473 0.814164
-2.68674 0.804289
-2.69748 0.788826
-2.70906 0.777758
-2.71647 0.760963
-2.72742 0.755717
-2.74568 0.746017
-2.75319 0.739848
-2.76063 0.729741
-2.77105 0.719495
-2.77281 0.709867
-2.78227 0.698777
-2.79377 0.688815
-2.80515 0.675823
-2.81912 0.665005
-2.83216 0.65129
-2.8395 0.644258
-2.84772 0.638117
-2.85172 0.627069
-2.86867 0.624689
-2.87897 0.608119
-2.88974 0.606744
-2.907 0.596819
-2.91636 0.590408
-2.91598 0.576121
-2.9267 0.569975
-2.94147 0.512015
-2.94582 0.499982
-2.95223 0.492169
-2.95918 0.483036
-2.96339 0.464177
-2.9748 0.451364
-2.97812 0.451589
-2.98091 0.445938
-2.9807 0.439813
-2.99058 0.43571
-2.99547 0.424439
-3.00221 0.421889
-3.01443 0.405279
-3.01285 0.398621
-3.01536 0.387937
-3.02749 0.377508
-3.0344 0.36739
-3.07021 0.342869
-3.07809 0.333217
-3.08097 0.320487
-3.08115 0.310726
-3.08219 0.303194
-3.09087 0.288141
-3.09823 0.2681
-3.09809 0.259147
-3.09787 0.245177
-3.10798 0.22033
-3.11375 0.207389
-3.11929 0.199956
-3.11597 0.184789
-3.12735 0.173628
-3.12305 0.162657
-3.12739 0.145468
-3.13297 0.124611
-3.13103 0.108688
-3.14951 0.0905912
-3.15759 0.0810115
-3.16482 0.0662217
-3.16565 0.0494351
-3.16615 0.0383141
-3.16145 0.0265396
-3.16294 -0.00311842
-3.1605 -0.018461
-3.16566 -0.0252296
-3.16019 -0.0346367
-3.16723 -0.0461145
-3.17297 -0.0615576
-3.16976 -0.0713805
-3.16692 -0.0751206
-3.17259 -0.0832105
-3.16441 -0.0933701
-3.16349 -0.101524
-3.16654 -0.118145
-3.16013 -0.130528
-3.1563 -0.140736
-3.15309 -0.152055
-3.14798 -0.174855
-3.14811 -0.18662
-3.14663 -0.193929
-3.14973 -0.20998
-3.14821 -0.230643
-3.14443 -0.246371
-3.14216 -0.258577
-3.13902 -0.275278
-3.14044 -0.289336
-3.1453 -0.307246
-3.14949 -0.317156
-3.1402 -0.324121
-3.14419 -0.347911
-3.14585 -0.354686
-3.14284 -0.377817
-3.13946 -0.38922
-3.13869 -0.398788
-3.13774 -0.408294
-3.12881 -0.428624
-3.1228 -0.446208
-3.12221 -0.460326
-3.12776 -0.493092
-3.12132 -0.510398
-3.11561 -0.515737
-3.10653 -0.527322
-3.09821 -0.54222
-3.09931 -0.548155
-3.09682 -0.568633
-3.08806 -0.574131
-3.08094 -0.582417
-3.08114 -0.589599
-3.08034 -0.597368
-3.04303 -0.614682
-3.03203 -0.62336
-3.02748 -0.639471
-3.08153 -0.640136
-3.07251 -0.646781
-3.06257 -0.659778
-3.0577 -0.669213
-3.05429 -0.685849
-3.04689 -0.698734
-3.03756 -0.714823
-2.99361 -0.728092
-2.98452 -0.735701
-2.97105 -0.750755
-2.95873 -0.765457
-2.95287 -0.772279
-2.9488 -0.789024
-2.93678 -0.803703
-2.92805 -0.809953
-2.92178 -0.822362
-2.922 -0.841545
-2.91899 -0.855958
-2.9078 -0.864749
-2.89718 -0.877601
-2.89081 -0.878588
-2.88683 -0.889446
-2.86952 -0.896589
-2.86037 -0.918223
-2.84689 -0.925752
-2.83598 -1.00715
-2.81802 -1.02132
-2.81768 -1.02889
-2.81541 -1.02122
-2.81481 -1.03489
-2.81107 -1.04835
-2.79881 -1.05111
-2.79369 -1.0633
-2.78588 -1.07285
-2.7812 -1.07902
-2.76975 -1.08136
-2.7629 -1.09703
-2.75537 -1.1072
-2.74781 -1.12131
-2.73963 -1.13397
-2.73487 -1.1392
-2.72375 -1.13762
-2.70742 -1.15071
-2.7048 -1.17346
-2.69688 -1.17681
-2.69334 -1.1818
-2.68556 -1.1909
-2.67842 -1.19931
-2.67098 -1.21155
-2.66814 -1.2194
-2.66057 -1.23185
-2.65127 -1.23179
-2.64337 -1.24297
-2.63377 -1.2529
-2.61928 -1.26517
-2.61703 -1.26932
-2.60622 -1.27009
-2.59974 -1.2793
-2.52674 -1.29245
-2.51753 -1.29966
-2.51079 -1.31938
-2.50203 -1.32808
-2.49012 -1.32753
-2.48591 -1.33767
-2.47848 -1.34901
-2.46286 -1.35913
-2.44629 -1.37414
-2.43594 -1.38262
-2.41752 -1.38166
-2.40619 -1.388
-2.39284 -1.39389
-2.38739 -1.4052
-2.37607 -1.41088
-2.3655 -1.41387
-2.35238 -1.41309
-2.34118 -1.41159
-2.32234 -1.48377
-2.30359 -1.42589
-2.28229 -1.50416
-2.27251 -1.51616
-2.26243 -1.51197
-2.24803 -1.51725
-2.23974 -1.52047
-2.22428 -1.52852
-2.20857 -1.52676
-2.19925 -1.53834
-2.17314 -1.54359
-2.16044 -1.54519
-2.15926 -1.54927
-2.14204 -1.55614
-2.12985 -1.55471
-2.12372 -1.5575
-2.11117 -1.56517
-2.09863 -1.56733
-2.08114 -1.5726
-2.07427 -1.57459
-2.06572 -1.57841
-2.01273 -1.57479
-2.00749 -1.57307
-1.99915 -1.57495
-1.97503 -1.58179
-1.95588 -1.59193
-1.94459 -1.59081
-1.92879 -1.58841
-1.91462 -1.59252
-1.90628 -1.59602
-1.88714 -1.60086
-1.8823 -1.59985
-1.86266 -1.60095
-1.84134 -1.6042
-1.8189 -1.61528
-1.80752 -1.61402
-1.7739 -1.61654
-1.76191 -1.62068
-1.74825 -1.6143
-1.74073 -1.61737
-1.72924 -1.61749
-1.72073 -1.61893
-1.69654 -1.62301
-1.66308 -1.6229
-1.65467 -1.6253
-1.64056 -1.62652
-1.63065 -1.62367
-1.61909 -1.62566
-1.61127 -1.62538
-1.60354 -1.62216
-1.58969 -1.6128
-1.541 -1.61542
-1.52533 -1.617
-1.5116 -1.60953
-1.49597 -1.60495
-1.4841 -1.61159
-1.47654 -1.607
-1.45836 -1.60713
-1.4412 -1.60191
-1.43134 -1.59862
-1.41904 -1.59443
-1.40738 -1.58764
-1.38886 -1.57875
-1.37384 -1.58154
-1.36379 -1.58099
-1.3529 -1.57617
-1.33631 -1.56647
-1.32436 -1.56376
-1.31308 -1.56148
-1.29228 -1.55707
-1.27074 -1.54911
-1.2432 -1.54783
-1.22684 -1.54168
-1.20671 -1.53628
-1.19288 -1.53144
-1.17622 -1.52449
-1.16169 -1.5213
-1.13949 -1.47274
-1.13551 -1.50709
-1.11196 -1.47016
-1.09033 -1.46846
-1.04725 -1.47052
-1.04067 -1.46035
-1.02138 -1.44733
-0.999731 -1.4519
-0.989988 -1.44576
-0.981646 -1.43985
-0.969908 -1.43916
-0.958472 -1.4313
-0.947018 -1.42909
-0.931018 -1.42141
-0.922296 -1.41606
-0.910646 -1.40688
-0.898417 -1.40268
-0.879215 -1.39734
-0.858946 -1.39343
-0.851771 -1.37825
-0.834379 -1.37185
-0.81555 -1.3706
-0.808903 -1.36523
-0.791833 -1.35753
-0.774479 -1.3457
-0.76603 -1.33762
-0.752601 -1.32327
-0.734106 -1.30951
-0.720336 -1.30747
-0.706027 -1.29365
-0.689107 -1.28538
-0.675256 -1.27443
-0.666986 -1.26398
-0.653547 -1.24808
-0.640056 -1.23116
-0.63526 -1.22913
-0.615398 -1.21673
-0.605147 -1.20953
-0.596883 -1.19266
-0.586308 -1.18029
-0.549809 -1.17179
-0.538719 -1.16433
-0.521764 -1.14928
-0.511526 -1.14195
-0.498379 -1.13856
-0.479102 -1.1225
-0.463892 -1.11268
-0.450967 -1.08853
-0.434957 -1.07278
-0.421519 -1.05317
-0.409456 -1.04214
-0.387378 -1.01642
-0.372653 -1.00804
-0.35923 -0.953967
-0.348486 -0.942089
-0.340477 -0.926447
-0.33677 -0.930648
-0.320712 -0.913309
-0.310257 -0.900226
-0.30335 -0.888865
-0.287281 -0.880801
-0.283738 -0.87362
-0.281706 -0.866095
-0.275065 -0.848757
-0.267676 -0.84064
-0.259463 -0.830041
-0.231716 -0.823453
-0.215384 -0.817861
-0.203283 -0.795822
-0.194868 -0.780735
-0.187434 -0.768312
-0.17509 -0.756756
-0.159231 -0.74326
-0.154539 -0.724267
-0.138377 -0.708897
-0.136887 -0.702393
-0.13893 -0.692392
-0.125786 -0.6778
-0.122399 -0.657718
-0.113454 -0.640692
-0.105626 -0.639419
-0.100333 -0.628192
-0.0899215 -0.620278
-0.0877275 -0.603634
-0.0386996 -0.598683
-0.0312628 -0.582095
-0.0276242 -0.568669
-0.0279776 -0.557736
-0.0194027 -0.547656
-0.0205014 -0.543186
0.00618592 -0.528244
0.0141725 -0.528412
0.0110261 -0.517386
0.0232701 -0.511574
0.0274776 -0.497962
0.0257858 -0.458098
0.0276736 -0.446037
0.0383337 -0.439754
0.065986 -0.424011
0.0712071 -0.402514
0.083793 -0.383612
0.0911316 -0.357306
0.10246 -0.345199
0.103989 -0.33412
0.113558 -0.320823
0.117222 -0.307405
0.12695 -0.289524
0.129558 -0.278685
0.13471 -0.269576
0.143513 -0.253517
0.154099 -0.229865
0.165346 -0.214892
0.174769 -0.201186
0.174876 -0.174616
0.195519 -0.159687
0.200393 -0.145184
0.205591 -0.119859
0.209243 -0.104781
0.21493 -0.0993945
0.220267 -0.0819063
0.223994 -0.0673902
0.223407 -0.0640252
0.227651 -0.044794
0.226969 -0.0273024
0.221616 -0.0117685
0.218807 -0.00420961
0.217203 0.0637539
0.21501 0.0720354
0.217752 0.0891428
0.218047 0.110539
0.223441 0.121347
0.220248 0.134929
0.221467 0.155831
0.218458 0.168027
0.219506 0.186128
0.214576 0.201976
0.207279 0.221336
0.204475 0.233066
0.204378 0.246217
0.20304 0.25683
0.201892 0.268133
0.199133 0.275664
0.1994 0.287256
0.194045 0.309775
0.191031 0.321609
0.187847 0.330672
0.189816 0.349509
0.182567 0.366926
0.182159 0.379071
0.179089 0.402964
0.179417 0.406605
0.172567 0.415427
0.171063 0.43654
0.169949 0.457573
0.170546 0.468882
0.161907 0.48421
0.171588 0.558389
0.165828 0.570246
0.152982 0.58876
0.157212 0.603468
0.160048 0.609146
0.158616 0.633527
0.167512 0.647655
0.178797 0.664035
0.17478 0.677594
0.168761 0.689956
0.165146 0.700374
0.167718 0.71784
0.167886 0.731369
0.173172 0.749297
0.167027 0.759487
0.16183 0.775693
0.158578 0.788114
0.146671 0.8119
0.143649 0.82483
0.136425 0.827341
0.127451 0.84027
0.119967 0.853968
0.118095 0.862137
0.120874 0.882064
0.120342 0.888874
0.112552 0.901345
0.106683 0.916952
0.0979989 0.935259
0.0899452 0.95352
0.0872037 0.963121
0.0814797 0.974785
0.0701734 1.0272
0.0568954 1.04698
0.0536728 1.05897
0.0481531 1.06654
0.0358425 1.07218
0.0305908 1.08254
0.0188205 1.09217
0.0118587 1.10156
0.00345493 1.11467
-0.00947344 1.11278
-0.0183897 1.1199
-0.0241741 1.13006
-0.0307904 1.14049
-0.0380739 1.15359
-0.0506587 1.17341
-0.0596704 1.18553
-0.0679485 1.19694
-0.0762261 1.20458
-0.0908283 1.21821
-0.10036 1.22809
-0.10702 1.2346
-0.128 1.25101
-0.134969 1.25808
-0.142977 1.26582
-0.164412 1.28186
-0.17116 1.2893
-0.1844 1.29577
-0.196043 1.29928
-0.210096 1.30244
-0.22103 1.31042
-0.230651 1.31752
-0.238561 1.32463
-0.249886 1.33195
-0.256363 1.34552
-0.264397 1.35043
-0.275263 1.36024
-0.282495 1.36582
-0.29414 1.36978
-0.304249 1.37749
-0.309194 1.39287
-0.318487 1.39768
-0.327157 1.40608
-0.337183 1.41477
-0.355468 1.42944
-0.362665 1.43873
-0.374054 1.44063
-0.384558 1.44752
-0.393862 1.45537
-0.408737 1.46011
-0.416921 1.46148
-0.42393 1.46908
-0.432237 1.46519
-0.444546 1.47157
-0.453503 1.47687
-0.465509 1.48433
-0.475967 1.49322
-0.48507 1.49538
-0.494115 1.50648
-0.505818 1.54454
-0.514272 1.55251
-0.526595 1.55771
-0.53262 1.57003
-0.557036 1.57438
-0.569084 1.57521
-0.581074 1.58238
-0.595031 1.59357
-0.610019 1.59879
-0.612976 1.5967
-0.615703 1.596
-0.620651 1.6001
-0.628185 1.60612
-0.631103 1.60901
-0.640871 1.61511
-0.64664 1.61869
-0.64748 1.62001
-0.651138 1.62143
-0.652491 1.62839
-0.654212 1.63299
-0.657844 1.63534
-0.659344 1.64412
-0.664327 1.63744
-0.666066 1.64446
-0.668676 1.63913
-0.666818 1.64377
-0.670973 1.64722
-0.67703 1.6505
-0.684176 1.65055
-0.69332 1.65697
-0.699162 1.6613
-0.704473 1.66159
-0.70924 1.66641
-0.713662 1.65907
-0.710871 1.65941
-0.715489 1.65923
-0.716927 1.65067
-0.720189 1.64861
-0.720477 1.65071
-0.722443 1.65053
-0.723908 1.65487
-0.727182 1.65553
-0.724205 1.65369
-0.726817 1.64698
-0.725554 1.64545
-0.730931 1.64358
-0.728346 1.65013
-0.734352 1.64516
-0.739963 1.6469
-0.741926 1.6528
-0.742598 1.65244
-0.748362 1.65598
-0.750924 1.66272
-0.758038 1.66263
-0.7543 1.66521
-0.756795 1.66328
-0.758964 1.66379
-0.762728 1.66616
-0.764991 1.66776
-0.767123 1.66724
-0.772567 1.6683
-0.773016 1.66513
-0.780238 1.66525
-0.78799 1.66283
-0.792054 1.6604
-0.794983 1.66087
-0.794608 1.66522
-0.799317 1.66718
-0.804174 1.6664
-0.812375 1.66525
-0.815548 1.66826
-0.820757 1.67177
-0.810963 1.67528
-0.810531 1.67957
-0.816956 1.68252
-0.819298 1.68614
-0.825123 1.68892
-0.83275 1.69078
-0.834888 1.69102
-0.828919 1.68892
-0.835409 1.69148
-0.838947 1.69163
-0.840019 1.69178
-0.85239 1.69516
-0.857574 1.69857
-0.861755 1.70438
-0.868289 1.70316
-0.8691 1.69873
-0.876057 1.70145
-0.880078 1.70444
-0.882602 1.70242
-0.892044 1.69762
-0.896914 1.70159
-0.902231 1.70328
-0.902411 1.70681
-0.906362 1.70695
-0.907883 1.70607
-0.914165 1.70796
-0.921359 1.71092
-0.922379 1.70807
-0.925605 1.71148
-0.926729 1.7163
-0.927158 1.71919
-0.92802 1.72085
-0.93136 1.72118
-0.935628 1.71961
-0.938155 1.72016
-0.947279 1.71845
-0.952099 1.71911
-0.963046 1.72155
-0.967956 1.71967
-0.969396 1.72194
-0.969875 1.72319
-0.972365 1.72191
-0.974528 1.7256
-0.980587 1.72559
-0.986041 1.72827
-0.992309 1.72553
-1.00229 1.73069
-1.00477 1.73249
-1.00242 1.73446
-1.00863 1.7403
-1.01258 1.73807
-1.01702 1.73587
-1.01601 1.73572
-1.0219 1.7365
-1.02421 1.74021
-1.03587 1.73321
-1.0727 1.72999
-1.07978 1.72938
-1.07839 1.72925
-1.07881 1.73587
-1.0787 1.73473
-1.08207 1.73632
-1.07797 1.73559
-1.08503 1.73073
-1.08134 1.74353
-1.08606 1.74554
-1.09001 1.74891
-1.09162 1.74644
-1.09807 1.75125
-1.09785 1.74767
-1.10755 1.7424
-1.11148 1.74078
-1.11628 1.74237
-1.12268 1.7486
-1.12575 1.74825
-1.12879 1.74656
-1.13471 1.74586
-1.13978 1.74637
-1.14572 1.7515
-1.14376 1.75049
-1.14143 1.74715
-1.14118 1.74734
-1.14643 1.74919
-1.1533 1.75582
-1.15598 1.76255
-1.16428 1.76433
-1.16231 1.76626
-1.16279 1.76331
-1.17069 1.76107
-1.17716 1.76233
-1.18502 1.75951
-1.18981 1.75818
-1.19878 1.75446
-1.20587 1.75952
-1.21163 1.75463
-1.21941 1.76503
-1.23503 1.78052
-1.24146 1.77701
-1.24983 1.78075
-1.25385 1.78643
-1.25789 1.78333
-1.26554 1.77985
-1.27157 1.78151
-1.27858 1.78169
-1.28008 1.78125
-1.2848 1.78136
-1.2896 1.78248
-1.29637 1.78681
-1.29891 1.78391
-1.30719 1.78106
-1.30976 1.77569
-1.31744 1.77534
-1.31944 1.77843
-1.32195 1.77985
-1.3271 1.78004
-1.32804 1.77878
-1.34232 1.77455
-1.35037 1.77767
-1.35525 1.77726
-1.36308 1.77447
-1.36777 1.77445
-1.37585 1.78719
-1.38291 1.7862
-1.39033 1.78487
-1.39284 1.78618
-1.39998 1.78465
-1.40187 1.78146
-1.40754 1.7816
-1.40801 1.77589
-1.4148 1.77902
-1.42073 1.77671
-1.42729 1.78054
-1.43344 1.77465
-1.44117 1.77541
-1.44072 1.77355
-1.44401 1.77322
-1.44681 1.77101
-1.45407 1.76829
-1.45786 1.76727
-1.46124 1.76293
-1.47593 1.77225
-1.48218 1.77552
-1.49011 1.77772
-1.49662 1.77866
-1.49859 1.77778
-1.50458 1.77816
-1.51063 1.77457
-1.51557 1.77127
-1.53693 1.77205
-1.53937 1.77158
-1.54359 1.76392
-1.55103 1.76526
-1.53909 1.75522
