0.741558 0.0312131
0.740547 0.0321921
0.73974 0.0401689
0.734049 0.0405487
0.722438 0.0581495
0.733714 0.0556801
0.733319 0.0520537
0.725754 0.0620886
0.719279 0.0665654
0.722707 0.0774911
0.723623 0.0756204
0.710901 0.0827104
0.705505 0.0897397
0.701649 0.0990115
0.698609 0.105028
0.691625 0.10523
0.692642 0.111657
0.699042 0.114791
0.693023 0.125379
0.689114 0.135316
0.690732 0.138707
0.684552 0.145168
0.685185 0.148649
0.685871 0.148953
0.685829 0.14641
0.681283 0.155623
0.671238 0.160998
0.670529 0.168519
0.663541 0.176005
0.652577 0.177373
0.648398 0.182674
0.648201 0.181796
0.643062 0.180091
0.642659 0.179199
0.640868 0.188667
0.636382 0.191466
0.633055 0.199581
0.626186 0.195166
0.632445 0.19489
0.625356 0.202411
0.623495 0.199772
0.618103 0.207059
0.616808 0.213537
0.613392 0.212601
0.5978 0.217883
0.597018 0.221014
0.600736 0.219882
0.604407 0.220002
0.594633 0.221797
0.591718 0.229678
0.586542 0.23133
0.575425 0.232356
0.568621 0.235602
0.564295 0.242093
0.565151 0.244416
0.557935 0.249972
0.547061 0.259143
0.544962 0.261922
0.540992 0.268674
0.536993 0.281671
0.536829 0.288384
0.538505 0.28959
0.549448 0.283879
0.544465 0.295686
0.543263 0.294439
0.539509 0.299303
0.538549 0.300518
0.535307 0.305096
0.535061 0.306028
0.530973 0.307735
0.534717 0.313674
0.525871 0.316169
0.533396 0.314078
0.526962 0.31882
0.522641 0.322785
0.517383 0.322483
0.512071 0.322155
0.509353 0.32235
0.500404 0.32161
0.504195 0.319854
0.499859 0.330969
0.495865 0.338573
0.499457 0.342273
0.502076 0.344069
0.509803 0.349106
0.509976 0.352331
0.518536 0.349456
0.520965 0.347784
0.511028 0.347873
0.511739 0.344484
0.509699 0.353229
0.510997 0.353052
0.514303 0.351049
0.517297 0.34684
0.515069 0.355191
0.511269 0.357115
0.508201 0.362521
0.512064 0.363121
0.512835 0.364408
0.508032 0.373806
0.506621 0.373802
0.508625 0.381731
0.504356 0.383334
0.499754 0.386749
0.503282 0.391221
0.504844 0.391498
0.506051 0.391923
0.506419 0.391506
0.497484 0.392846
0.495521 0.397485
0.499992 0.394753
0.490453 0.39198
0.491692 0.395449
0.489723 0.400743
0.489707 0.40283
0.49442 0.400274
0.493536 0.398503
0.4969 0.40081
0.496441 0.394102
0.496136 0.398885
0.501862 0.398853
0.503018 0.399352
0.507434 0.409013
0.501731 0.408964
0.500122 0.412424
0.499275 0.408808
0.496968 0.404949
0.492448 0.410766
0.501438 0.405701
0.499973 0.404885
0.507552 0.413667
0.515249 0.411937
0.510077 0.409396
0.502966 0.40844
0.496171 0.404411
0.502668 0.40585
0.503397 0.408367
0.500382 0.405655
0.500041 0.40599
0.491676 0.41915
0.487703 0.41978
0.48703 0.426097
0.491838 0.444002
0.49094 0.44153
0.485459 0.434995
0.486617 0.438828
0.480336 0.4456
0.442892 0.456497
0.44521 0.46165
0.479092 0.457354
0.442681 0.461722
0.43939 0.475669
0.463087 0.479651
0.461048 0.479173
0.435986 0.491879
0.430763 0.490413
0.42923 0.491841
0.432981 0.533688
0.430727 0.495433
0.422433 0.536331
0.419812 0.53761
0.417931 0.535659
0.413153 0.503529
0.413724 0.538849
0.416101 0.538562
0.415481 0.542471
0.411369 0.53881
0.414889 0.553528
0.413545 0.553725
0.413542 0.562644
0.408778 0.570559
0.401556 0.575476
0.403145 0.584663
0.401152 0.588321
0.397868 0.59909
0.395455 0.600262
0.386495 0.61215
0.384743 0.621704
0.376458 0.636699
0.3682 0.648471
0.356063 0.661972
0.351137 0.670605
0.343018 0.684681
0.330307 0.693798
0.323838 0.702707
0.313574 0.706044
0.314736 0.723118
0.31228 0.723271
0.311261 0.741899
0.305258 0.741104
0.292253 0.761506
0.28594 0.769021
0.269559 0.778801
0.263246 0.796211
0.257279 0.808546
0.240063 0.819121
0.234326 0.827435
0.219251 0.837298
0.201905 0.851832
0.192822 0.862492
0.181297 0.882434
0.165371 0.895002
0.155473 0.90072
0.141648 0.909645
0.119691 0.922998
0.110962 0.933328
0.0932035 0.94015
0.0774066 0.958295
0.0585322 0.976924
0.0457693 0.984949
0.0345042 0.997216
0.014145 0.997356
0.00445663 1.01061
-0.00268486 1.04449
-0.0232967 1.04843
-0.0358728 1.06912
-0.0668432 1.07886
-0.0783633 1.0908
-0.0955509 1.09528
-0.112787 1.11446
-0.128217 1.12219
-0.128752 1.13205
-0.156972 1.15304
-0.165101 1.15948
-0.1786 1.16302
-0.192101 1.1766
-0.198088 1.18726
-0.214678 1.19538
-0.229374 1.2041
-0.238925 1.21109
-0.256951 1.2152
-0.270053 1.21632
-0.29243 1.22787
-0.328498 1.24833
-0.341928 1.24437
-0.35502 1.2475
-0.366288 1.25854
-0.378686 1.26137
-0.387811 1.26771
-0.400247 1.26721
-0.427771 1.2951
-0.445374 1.30927
-0.458613 1.31652
-0.478194 1.32271
-0.512274 1.32799
-0.517189 1.33106
-0.532457 1.34392
-0.541032 1.34931
-0.58627 1.35614
-0.602487 1.35727
-0.619808 1.36827
-0.641852 1.37905
-0.653107 1.38546
-0.678446 1.39391
-0.695506 1.39693
-0.714054 1.40187
-0.732459 1.40345
-0.747139 1.40608
-0.760893 1.40873
-0.774289 1.40892
-0.789486 1.41479
-0.816994 1.42069
-0.833943 1.41746
-0.851639 1.41806
-0.87139 1.42213
-0.887814 1.42198
-0.896441 1.42586
-0.907347 1.42737
-0.920781 1.43815
-0.935675 1.44198
-0.961494 1.45371
-0.981965 1.45673
-0.9901 1.45841
-1.00693 1.4589
-1.02768 1.46207
-1.06421 1.47004
-1.07819 1.47236
-1.09266 1.47638
-1.11383 1.47381
-1.12882 1.47316
-1.14309 1.47387
-1.15892 1.47643
-1.18271 1.47699
-1.19247 1.47331
-1.20358 1.46767
-1.22382 1.47075
-1.23293 1.47162
-1.24301 1.47003
-1.24924 1.47552
-1.27754 1.47573
-1.29183 1.47151
-1.312 1.47544
-1.32966 1.47687
-1.3451 1.47889
-1.3621 1.47788
-1.37654 1.48341
-1.38834 1.48761
-1.39912 1.48651
-1.40909 1.48477
-1.42613 1.48088
-1.44381 1.47993
-1.45231 1.48245
-1.46844 1.47298
-1.4881 1.46386
-1.497 1.46671
-1.50915 1.45668
-1.51805 1.45531
-1.53793 1.45835
-1.56391 1.45251
-1.58524 1.45435
-1.59643 1.45527
-1.60901 1.44755
-1.61776 1.44095
-1.63068 1.43723
-1.65063 1.44233
-1.67561 1.44309
-1.69936 1.44382
-1.7127 1.44694
-1.7267 1.43751
-1.74487 1.43193
-1.76046 1.42645
-1.7741 1.42885
-1.78993 1.42291
-1.79874 1.42176
-1.81235 1.41189
-1.82295 1.40496
-1.84056 1.40084
-1.85425 1.40132
-1.86412 1.39045
-1.87625 1.38653
-1.90135 1.38694
-1.92021 1.37983
-1.93149 1.37348
-1.94326 1.36895
-1.95441 1.36268
-1.96376 1.35696
-1.97293 1.34994
-1.99065 1.34743
-1.99244 1.33944
-2.00379 1.33548
-2.01051 1.33205
-2.03754 1.32699
-2.04728 1.31119
-2.05687 1.30195
-2.09587 1.29699
-2.10792 1.2905
-2.12048 1.28306
-2.13408 1.27927
-2.1517 1.27269
-2.16749 1.27373
-2.18058 1.26431
-2.1939 1.25291
-2.20681 1.248
-2.22132 1.23702
-2.23265 1.23076
-2.24486 1.22861
-2.2614 1.22999
-2.27126 1.22195
-2.28471 1.21207
-2.29539 1.20935
-2.3056 1.2054
-2.32716 1.20072
-2.33587 1.18936
-2.34795 1.18573
-2.36231 1.1785
-2.37244 1.17194
-2.38862 1.16414
-2.40407 1.16106
-2.42037 1.15591
-2.43027 1.14869
-2.44317 1.14671
-2.46102 1.13824
-2.47281 1.12391
-2.49614 1.12333
-2.50216 1.11596
-2.51714 1.112
-2.52926 1.10172
-2.53871 1.09405
-2.54667 1.08826
-2.56829 1.00571
-2.57801 1.00037
-2.58695 0.990133
-2.59362 0.978576
-2.60925 0.970569
-2.60905 0.957164
-2.62126 0.956995
-2.63389 0.949835
-2.64337 0.938141
-2.65803 0.925809
-2.66524 0.920144
-2.6724 0.913374
-2.68361 0.904321
-2.69356 0.890126
-2.70353 0.880843
-2.72486 0.878686
-2.73477 0.870622
-2.74433 0.857531
-2.75531 0.843913
-2.7661 0.83371
-2.77261 0.819785
-2.7818 0.813372
-2.78902 0.80453
-2.79631 0.795116
-2.8022 0.785167
-2.81228 0.769107
-2.82189 0.752311
-2.833 0.741309
-2.8392 0.730152
-2.85053 0.71894
-2.87023 0.715345
-2.88007 0.700203
-2.88922 0.687919
-2.89677 0.675347
-2.90666 0.667442
-2.91028 0.652069
-2.92071 0.632478
-2.93396 0.619127
-2.94186 0.602647
-2.94644 0.587686
-2.95893 0.57586
-2.96326 0.568492
-2.97055 0.555703
-2.97738 0.547025
-2.9819 0.545032
-2.99217 0.493513
-2.9997 0.491273
-3.00452 0.477764
-3.00895 0.472946
-3.01691 0.459683
-3.02205 0.446966
-3.02616 0.437752
-3.02895 0.439254
-3.05717 0.434231
-3.05996 0.419501
-3.06545 0.406901
-3.07467 0.39513
-3.07276 0.379256
-3.07909 0.363898
-3.08923 0.352542
-3.09743 0.337163
-3.10074 0.332058
-3.10281 0.319094
-3.10309 0.312078
-3.0989 0.296153
-3.11274 0.283016
-3.11453 0.274493
-3.12042 0.261975
-3.12523 0.256716
-3.13512 0.24669
-3.14608 0.240634
-3.14476 0.228076
-3.14884 0.219269
-3.15122 0.206292
-3.15192 0.196565
-3.15006 0.183443
-3.1532 0.171984
-3.15173 0.1635
-3.15358 0.153227
-3.15522 0.136769
-3.15651 0.130062
-3.15371 0.117825
-3.16634 0.109637
-3.16779 0.0960055
-3.16107 0.0810164
-3.16172 0.0745899
-3.16397 0.0681747
-3.17045 0.0563383
-3.1675 0.0489645
-3.16727 0.035286
-3.18219 -0.0161369
-3.18301 -0.0321827
-3.18684 -0.0471581
-3.185 -0.0551282
-3.18815 -0.0674527
-3.18195 -0.070011
-3.17826 -0.0857627
-3.18158 -0.0912499
-3.17882 -0.0978806
-3.17314 -0.110614
-3.16823 -0.129144
-3.16585 -0.140414
-3.16547 -0.153591
-3.15701 -0.17589
-3.15824 -0.182242
-3.15381 -0.186659
-3.14521 -0.203141
-3.14341 -0.213884
-3.14889 -0.231613
-3.14862 -0.243378
-3.14876 -0.248376
-3.15169 -0.269837
-3.14729 -0.292794
-3.14759 -0.314244
-3.14125 -0.331964
-3.14897 -0.352934
-3.14943 -0.363251
-3.14059 -0.37441
-3.14784 -0.385156
-3.14248 -0.400345
-3.14582 -0.414115
-3.14503 -0.428357
-3.14699 -0.437698
-3.14578 -0.451826
-3.14559 -0.458747
-3.13814 -0.463343
-3.13441 -0.478086
-3.13245 -0.485023
-3.12824 -0.488821
-3.11063 -0.558071
-3.10608 -0.570683
-3.10306 -0.581488
-3.10367 -0.593733
-3.1023 -0.606373
-3.09813 -0.621411
-3.10622 -0.629049
-3.10107 -0.636974
-3.09685 -0.641716
-3.09634 -0.658334
-3.09611 -0.665771
-3.09533 -0.679789
-3.03745 -0.692233
-3.0289 -0.713675
-3.02164 -0.72952
-3.0143 -0.747647
-3.07094 -0.757517
-3.07861 -0.758803
-3.06404 -0.763377
-3.0637 -0.777888
-3.04904 -0.7965
-2.97461 -0.811282
-3.05252 -0.803014
-2.95917 -0.830252
-3.04275 -0.81344
-2.95527 -0.842129
-2.94698 -0.844641
-3.0368 -0.846497
-2.92758 -0.856418
-2.91594 -0.860498
-2.90665 -0.866392
-2.88826 -0.876608
-2.88335 -0.878174
-2.87054 -0.887664
-2.86508 -0.893363
-2.86116 -0.907941
-2.84502 -0.906899
-2.84851 -0.995782
-2.84388 -0.998542
-2.82593 -1.01035
-2.818 -1.015
-2.8174 -1.01009
-2.8058 -0.969758
-2.78662 -1.03726
-2.77189 -1.04097
-2.7561 -1.05367
-2.74631 -1.06595
-2.74155 -1.07767
-2.72568 -1.0799
-2.7248 -1.08366
-2.74079 -0.962741
-2.71017 -1.10312
-2.70365 -1.10654
-2.69224 -1.11048
-2.6889 -1.11501
-2.6888 -1.12049
-2.68671 -1.12484
-2.68495 -1.14407
-2.68348 -1.14637
-2.67103 -1.15631
-2.66097 -1.16312
-2.65254 -1.15794
-2.647 -1.16388
-2.64314 -1.17325
-2.63601 -1.18121
-2.635 -1.19195
-2.61828 -1.19829
-2.61417 -1.20333
-2.61156 -1.20802
-2.61458 -1.20965
-2.59604 -1.22371
-2.58439 -1.23427
-2.48202 -1.27597
-2.47719 -1.27991
-2.4749 -1.29096
-2.46307 -1.29005
-2.44813 -1.29842
-2.44064 -1.30129
-2.43167 -1.30472
-2.41589 -1.31998
-2.40937 -1.33264
-2.39389 -1.3415
-2.37344 -1.33993
-2.361 -1.34919
-2.3493 -1.3639
-2.34484 -1.36251
-2.34662 -1.37859
-2.32446 -1.38263
-2.30847 -1.38204
-2.29568 -1.39407
-2.27462 -1.40964
-2.25728 -1.42204
-2.22807 -1.50685
-2.21258 -1.51739
-2.19836 -1.51801
-2.17404 -1.52798
-2.15832 -1.54047
-2.1414 -1.55125
-2.13219 -1.54513
-2.11474 -1.55626
-2.09848 -1.56064
-2.08141 -1.5656
-2.07783 -1.57189
-2.02105 -1.58212
-2.00274 -1.58397
-1.99158 -1.587
-1.97892 -1.58735
-1.96797 -1.59001
-1.95707 -1.59096
-1.93894 -1.59469
-1.92318 -1.59806
-1.91087 -1.60154
-1.89212 -1.61299
-1.88259 -1.61068
-1.87098 -1.61281
-1.85968 -1.61317
-1.84184 -1.61887
-1.82877 -1.61834
-1.81668 -1.61806
-1.80318 -1.61419
-1.77927 -1.61971
-1.76509 -1.62459
-1.75081 -1.62195
-1.73992 -1.61963
-1.71957 -1.62591
-1.70896 -1.6231
-1.69528 -1.623
-1.68748 -1.61789
-1.67212 -1.61439
-1.65727 -1.6153
-1.64672 -1.61349
-1.62692 -1.60901
-1.61884 -1.60385
-1.59698 -1.60306
-1.58718 -1.60312
-1.57686 -1.60199
-1.529 -1.60185
-1.51492 -1.59834
-1.50285 -1.59036
-1.48709 -1.58678
-1.48214 -1.58959
-1.46886 -1.59025
-1.44895 -1.58393
-1.42407 -1.59144
-1.40401 -1.59523
-1.39213 -1.58907
-1.37876 -1.59757
-1.35698 -1.59554
-1.34522 -1.58859
-1.32525 -1.59763
-1.31811 -1.59592
-1.3074 -1.59185
-1.29461 -1.58557
-1.27668 -1.57815
-1.26362 -1.57321
-1.24816 -1.56952
-1.22678 -1.57621
-1.20275 -1.57628
-1.18958 -1.5728
-1.17101 -1.56678
-1.14888 -1.56934
-1.12227 -1.57208
-1.10438 -1.56253
-1.08649 -1.56849
-1.08179 -1.55794
-1.06283 -1.55932
-1.00603 -1.57312
-0.991577 -1.56967
-0.979264 -1.56837
-0.966342 -1.56464
-0.951925 -1.56049
-0.943003 -1.55693
-0.926201 -1.54964
-0.92416 -1.46811
-0.894405 -1.54134
-0.883719 -1.52777
-0.8744 -1.45584
-0.855182 -1.45856
-0.841316 -1.4502
-0.820225 -1.44626
-0.80631 -1.44797
-0.798172 -1.44042
-0.781461 -1.43778
-0.763386 -1.43688
-0.750052 -1.4225
-0.725179 -1.41822
-0.713912 -1.41066
-0.702224 -1.39978
-0.69066 -1.39661
-0.670356 -1.39391
-0.656174 -1.38742
-0.643121 -1.37277
-0.619254 -1.3601
-0.609294 -1.34036
-0.589663 -1.32367
-0.543771 -1.31306
-0.537552 -1.30324
-0.520307 -1.30235
-0.508234 -1.2865
-0.498504 -1.27647
-0.488115 -1.27114
-0.481137 -1.25756
-0.465201 -1.24248
-0.456015 -1.24017
-0.442859 -1.23273
-0.432468 -1.20914
-0.416924 -1.19631
-0.404305 -1.18145
-0.394931 -1.16306
-0.38015 -1.14741
-0.369176 -1.13281
-0.356843 -1.12121
-0.350929 -1.11364
-0.332455 -1.10551
-0.32027 -1.09817
-0.31542 -1.09073
-0.305365 -1.08256
-0.294833 -1.07357
-0.281494 -1.06736
-0.266504 -1.05853
-0.254652 -1.04191
-0.241567 -1.03567
-0.231495 -1.02507
-0.222147 -1.01964
-0.214332 -1.01541
-0.200276 -1.00302
-0.190465 -1.0059
-0.18977 -0.949987
-0.172202 -0.928913
-0.16652 -0.914786
-0.155251 -0.893609
-0.142914 -0.889725
-0.133179 -0.885792
-0.124066 -0.870459
-0.112673 -0.856227
-0.102595 -0.839933
-0.102017 -0.826854
-0.0934022 -0.812652
-0.092318 -0.78336
-0.0795627 -0.77677
-0.078958 -0.763114
-0.0553501 -0.75194
-0.0705369 -0.730757
-0.0703608 -0.697993
-0.0664538 -0.686346
-0.064102 -0.671177
-0.0182002 -0.671632
-0.0161895 -0.661319
-0.0140878 -0.650298
-0.00796101 -0.626978
-0.000714019 -0.613029
0.0010013 -0.596041
-0.00144492 -0.584662
0.00328703 -0.57303
0.0169349 -0.553188
0.0235691 -0.534187
0.0295193 -0.519458
0.022654 -0.450598
0.0338133 -0.433742
0.0440665 -0.419737
0.0561548 -0.40565
0.0590426 -0.375145
0.0648352 -0.359144
0.0700059 -0.332782
0.0826915 -0.319939
0.0784912 -0.300256
0.07876 -0.28842
0.0831935 -0.268636
0.091491 -0.236167
0.0911753 -0.217417
0.10275 -0.205199
0.103517 -0.189905
0.108334 -0.169728
0.115545 -0.149556
0.11245 -0.128559
0.121098 -0.100764
0.129625 -0.0863454
0.139832 -0.0740574
0.131225 -0.0523231
0.132492 -0.0419327
0.140205 -0.0269564
0.153777 0.0513902
0.149705 0.0689468
0.154265 0.07792
0.154879 0.0828671
0.156814 0.0998662
0.15386 0.110647
0.153442 0.133636
0.158252 0.149268
0.166408 0.166648
0.164712 0.171907
0.167595 0.188763
0.159041 0.20401
0.162719 0.218806
0.166119 0.237481
0.173456 0.250261
0.17428 0.278742
0.181749 0.292126
0.176169 0.31678
0.177395 0.333762
0.181674 0.348489
0.178758 0.361527
0.179863 0.37464
0.173909 0.384099
0.169526 0.40891
0.165306 0.424891
0.164012 0.444673
0.165585 0.460139
0.156183 0.480159
0.162327 0.488626
0.162588 0.506418
0.158414 0.549987
0.15132 0.559338
0.147112 0.56976
0.14386 0.57825
0.145098 0.591075
0.143435 0.608118
0.136168 0.632589
0.132587 0.655387
0.129753 0.666939
0.125685 0.677917
0.121039 0.690117
0.115457 0.703583
0.110064 0.71721
0.112715 0.724464
0.108717 0.735243
0.10446 0.740287
0.101122 0.754972
0.100265 0.773767
0.0993412 0.785243
0.104776 0.798985
0.10466 0.818338
0.0945923 0.844102
0.0918167 0.858877
0.0908958 0.87389
0.0867433 0.879686
0.0807989 0.895332
0.0742275 0.902327
0.0639566 0.917449
0.0578026 0.927704
0.0479622 0.943997
0.0481849 0.950144
0.0422453 0.96014
0.029979 0.974819
0.0168049 0.991904
0.00393527 1.00393
0.00101162 1.0296
-0.00359821 1.04098
-0.0129755 1.05109
-0.0204661 1.05986
-0.0317884 1.0756
-0.0313163 1.09273
-0.0376721 1.09921
-0.0500161 1.10925
-0.0695151 1.11179
-0.0789592 1.12488
-0.0788169 1.13326
-0.0864972 1.14501
-0.0919913 1.1566
-0.0989683 1.1649
-0.104734 1.17176
-0.108951 1.18182
-0.12499 1.19574
-0.135321 1.20324
-0.146175 1.21083
-0.15866 1.21616
-0.168991 1.22112
-0.175998 1.22811
-0.184552 1.23618
-0.199801 1.2555
-0.209643 1.26508
-0.219066 1.2703
-0.225895 1.27745
-0.232831 1.28251
-0.243896 1.29082
-0.253126 1.29704
-0.26273 1.30167
-0.275401 1.30913
-0.283065 1.31878
-0.285877 1.32708
-0.298292 1.33545
-0.309716 1.34443
-0.316062 1.3547
-0.336252 1.36721
-0.341259 1.37096
-0.345909 1.37572
-0.357845 1.38018
-0.364575 1.38747
-0.377234 1.39158
-0.386159 1.39921
-0.391593 1.40536
-0.401793 1.41503
-0.407942 1.42328
-0.40379 1.43192
-0.415001 1.43865
-0.437603 1.45418
-0.448501 1.45752
-0.458245 1.46195
-0.462411 1.47487
-0.473463 1.4793
-0.479565 1.49151
-0.490027 1.49473
-0.493567 1.49893
-0.499865 1.50651
-0.510061 1.52851
-0.514796 1.5089
-0.529858 1.53879
-0.529365 1.50496
-0.538911 1.55005
-0.552814 1.55352
-0.551313 1.56411
-0.555041 1.5659
-0.58647 1.56949
-0.59436 1.56489
-0.597299 1.5722
-0.604727 1.57384
-0.606471 1.56902
-0.613297 1.58032
-0.621986 1.58166
-0.62616 1.58445
-0.634312 1.58783
-0.64007 1.59871
-0.64317 1.5966
-0.644478 1.60234
-0.657182 1.60141
-0.665405 1.60921
-0.66787 1.6184
-0.669547 1.62463
-0.671234 1.62153
-0.67649 1.62645
-0.67201 1.62519
-0.68031 1.6212
-0.680749 1.62702
-0.687988 1.62231
-0.692233 1.6252
-0.697803 1.62441
-0.703304 1.62491
-0.709604 1.62871
-0.707075 1.63414
-0.71382 1.63411
-0.716088 1.63724
-0.702584 1.64267
-0.706244 1.64317
-0.704545 1.64646
-0.706902 1.64179
-0.715181 1.64572
-0.720715 1.65209
-0.727143 1.65029
-0.730362 1.65262
-0.731257 1.66311
-0.736292 1.65727
-0.736478 1.65861
-0.740482 1.65956
-0.742589 1.66403
-0.752306 1.66467
-0.757148 1.66505
-0.762028 1.66549
-0.763911 1.66585
-0.768279 1.66799
-0.773476 1.67016
-0.775804 1.67412
-0.778229 1.6736
-0.781189 1.67331
-0.785519 1.66879
-0.781331 1.67914
-0.783582 1.67507
-0.779353 1.68091
-0.782423 1.67982
-0.78912 1.67962
-0.793531 1.6811
-0.79968 1.68654
-0.805286 1.6897
-0.814334 1.68861
-0.821084 1.68507
-0.820867 1.68435
-0.823705 1.68565
-0.831949 1.69153
-0.834867 1.68928
-0.83617 1.68256
-0.84365 1.68475
-0.845068 1.68653
-0.850313 1.69226
-0.852607 1.69127
-0.858498 1.69311
-0.86053 1.68972
-0.864904 1.69535
-0.869025 1.69816
-0.871455 1.70073
-0.873319 1.7011
-0.869532 1.7012
-0.883134 1.69856
-0.89188 1.69953
-0.903326 1.70391
-0.903722 1.7095
-0.908784 1.70925
-0.914989 1.71411
-0.917625 1.71375
-0.92442 1.71307
-0.926563 1.71361
-0.928316 1.71215
-0.929942 1.71175
-0.939028 1.7108
-0.939561 1.7138
-0.937301 1.70832
-0.935012 1.71192
-0.935487 1.70569
-0.936659 1.70696
-0.936247 1.70896
-0.943527 1.70845
-0.95123 1.70594
-0.950197 1.70791
-0.952512 1.70788
-0.958283 1.70872
-0.961999 1.70313
-0.965687 1.70868
-0.959132 1.70588
-0.969396 1.69091
-0.973255 1.6981
-0.981116 1.6939
-0.984301 1.6936
-0.984802 1.69305
-0.987616 1.69508
-0.99118 1.69388
-0.992845 1.69269
-1.00246 1.69161
-1.00344 1.69171
-1.01185 1.69129
-1.00871 1.69176
-1.01452 1.69331
-1.01416 1.70377
-1.02223 1.70525
-1.02059 1.70474
-1.06811 1.71393
-1.0243 1.70991
-1.03268 1.71393
-1.03879 1.7169
-1.03878 1.71449
-1.0465 1.72214
-1.0774 1.72576
-1.05204 1.7232
-1.08908 1.7254
-1.09132 1.72692
-1.09952 1.72018
-1.10554 1.71685
-1.11177 1.71251
-1.11939 1.70629
-1.12732 1.71053
-1.12599 1.70725
-1.13305 1.70625
-1.13166 1.70782
-1.1434 1.71342
-1.14307 1.70765
-1.15002 1.71116
-1.15428 1.71244
-1.16009 1.71184
-1.16767 1.71282
-1.17541 1.71007
-1.17676 1.71148
-1.18824 1.71847
-1.18699 1.71867
-1.18899 1.72072
-1.1958 1.7271
-1.20365 1.72521
-1.20629 1.72631
-1.21268 1.72711
-1.21341 1.73013
-1.2168 1.7262
-1.21866 1.7223
-1.23586 1.71855
-1.24267 1.71509
-1.24744 1.71457
-1.25399 1.7115
-1.26169 1.71133
-1.26013 1.7136
-1.27148 1.71391
-1.27374 1.71114
-1.27679 1.71421
-1.28326 1.71728
-1.28605 1.71667
-1.28932 1.71317
-1.28889 1.71451
-1.30007 1.7218
-1.30916 1.728
-1.31584 1.73243
-1.32462 1.73865
-1.3308 1.73757
-1.33842 1.7356
-1.34188 1.73054
-1.34463 1.72939
-1.34633 1.7282
-1.35307 1.7277
-1.36125 1.72774
-1.36076 1.72832
-1.36292 1.72775
-1.36057 1.72727
-1.3662 1.72852
-1.37821 1.73129
-1.38075 1.72879
-1.3846 1.72757
-1.38316 1.72385
-1.38692 1.72632
-1.39408 1.73039
-1.39866 1.72819
-1.39538 1.72798
-1.40387 1.72771
-1.40888 1.72513
-1.41498 1.73028
-1.42283 1.73423
-1.4304 1.73367
-1.43358 1.73615
-1.44023 1.73392
-1.44834 1.73181
-1.45414 1.73824
-1.45932 1.73767
-1.46367 1.73512
-1.47226 1.73707
-1.47615 1.74564
-1.4811 1.74549
-1.48571 1.75108
-1.49462 1.75004
-1.50299 1.74587
-1.50345 1.75248
-1.51114 1.75072
-1.51439 1.75886
-1.52658 1.76248
-1.52964 1.76259
-1.53228 1.76997
-1.53621 1.771
-1.58396 1.76366
-1.59568 1.76017
-1.59934 1.76428
-1.60627 1.76455
-1.6062 1.77166
-1.60648 1.77267
-1.62326 1.76557
-1.62906 1.76376
-1.63213 1.76689
-1.63161 1.75991
-1.63664 1.7637
-1.64843 1.77222
-1.65618 1.77008
-1.65797 1.76874
-1.66681 1.76616
-1.6699 1.75982
-1.67094 1.75671
-1.67311 1.75297
-1.67928 1.75252
-1.6846 1.75617
-1.69332 1.75842
-1.70049 1.76177
-1.70777 1.76099
-1.71323 1.765
-1.72284 1.76272
-1.72935 1.76523
-1.73345 1.77479
-1.74013 1.78053
-1.74507 1.78209
-1.75378 1.78312
-1.75531 1.78386
-1.758 1.78101
-1.76278 1.7829
-1.76812 1.78116
-1.7751 1.77764
-1.78562 1.77362
-1.79004 1.773
-1.79671 1.77414
-1.80062 1.7754
-1.80995 1.77789
-1.81362 1.77756
-1.8143 1.77443
-1.82133 1.77338
-1.82818 1.77218
-1.83786 1.77385
-1.8416 1.77027
-1.84952 1.76725
-1.85235 1.76606
-1.85295 1.76221
-1.86313 1.75411
-1.86961 1.74964
-1.87417 1.74896
-1.87944 1.74784
-1.8854 1.74381
-1.89293 1.73877
-1.90177 1.73519
-1.90776 1.73278
-1.90988 1.72982
-1.92256 1.7285
-1.92152 1.72399
-1.92545 1.71914
-1.93556 1.71737
-1.94057 1.7232
-1.94736 1.71896
-1.95158 1.71668
-1.95845 1.70978
-1.96382 1.70829
-1.9712 1.70656
-1.97131 1.70283
-1.98614 1.69678
-1.98724 1.69273
-1.98913 1.69323
-1.99103 1.69424
-1.99608 1.69279
-2.00341 1.69391
-2.00712 1.68823
-2.01475 1.69259
-2.02067 1.69125
-2.02298 1.68913
-2.02644 1.68929
-2.0373 1.68443
-2.04384 1.68345
-2.05108 1.68159
-2.0681 1.68551
-2.07148 1.68168
-2.07548 1.68353
-2.08837 1.67922
-2.09277 1.67643
-2.09867 1.67898
-2.10214 1.67755
-2.10731 1.67425
-2.1088 1.66976
-2.11671 1.66629
-2.12225 1.66505
-2.12517 1.66036
-2.13121 1.66165
-2.13975 1.65531
-2.14001 1.65419
-2.1502 1.65305
-2.15173 1.65032
-2.15668 1.64813
-2.16214 1.64507
-2.16257 1.64262
-2.16684 1.63718
-2.17231 1.6385
-2.17442 1.6356
-2.18357 1.63034
-2.18967 1.62889
-2.19757 1.63093
-2.20089 1.62895
-2.2028 1.62492
-2.20689 1.61998
-2.21983 1.61794
-2.22516 1.6159
-2.23123 1.61296
-2.23413 1.61822
-2.23436 1.61336
-2.23499 1.61271
-2.23885 1.61308
-2.23976 1.61078
-2.24175 1.60918
-2.25277 1.60115
-2.25392 1.59957
-2.25444 1.59909
-2.2563 1.59406
-2.26237 1.58884
-2.26489 1.58598
-2.27773 1.58791
-2.28039 1.58534
-2.28135 1.58128
-2.28394 1.57409
-2.28705 1.57035
-2.29886 1.56298
-2.30139 1.56044
-2.30109 1.51474
-2.30186 1.50949
-2.30783 1.51002
-2.31671 1.50611
-2.32273 1.49933
-2.33223 1.54813
-2.33323 1.5447
-2.33346 1.54308
-2.33721 1.4863
-2.33797 1.48739
-2.34627 1.48442
-2.3489 1.4861
-2.34891 1.47983
-2.34727 1.47405
-2.35126 1.48071
-2.36385 1.4716
-2.36849 1.46366
-2.37805 1.45821
-2.3817 1.45471
-2.385 1.45057
-2.38951 1.45196
-2.39137 1.44849
-2.39223 1.44212
-2.39381 1.43978
-2.39622 1.4368
-2.40444 1.43274
-2.41094 1.43196
-2.41639 1.42805
-2.41573 1.42607
-2.41551 1.42119
-2.42552 1.4227
-2.43595 1.41745
-2.44811 1.40483
-2.45491 1.4091
-2.45486 1.40343
-2.46413 1.39579
-2.47049 1.38442
-2.47988 1.38034
-2.48273 1.36474
-2.49362 1.36328
-2.5115 1.34757
-2.52228 1.34351
-2.5304 1.33787
-2.53432 1.33161
-2.56758 1.33079
-2.57314 1.32219
-2.5728 1.31839
-2.57859 1.3015
-2.58993 1.29621
-2.59605 1.29301
-2.59877 1.28969
-2.61629 1.27124
-2.61948 1.26005
-2.62501 1.25024
-2.62591 1.24524
-2.64017 1.24414
-2.64811 1.23875
-2.66704 1.22906
-2.6837 1.22039
-2.69484 1.20931
-2.71074 1.20873
-2.72346 1.19735
-2.738 1.18802
-2.74944 1.18351
-2.76024 1.17749
-2.77381 1.17508
-2.77896 1.15924
-2.79114 1.15469
-2.80067 1.14403
-2.82075 1.1387
-2.83269 1.12477
-2.84302 1.11599
-2.8604 1.11305
-2.86827 1.10052
-2.88358 1.09009
-2.89828 1.0778
-2.91638 1.07446
-2.92602 1.06458
-2.94524 1.05905
-2.94939 1.04726
-2.96457 1.03848
-2.98329 1.04023
-3.00693 1.0344
-3.00896 1.01704
-3.05679 1.02017
-3.05857 0.992448
-3.06583 0.984206
-3.0688 0.969687
-3.07766 0.956221
-3.0834 0.942297
-3.09273 0.925205
-3.10683 0.923291
-3.11803 0.910257
-3.12164 0.904861
-3.12116 0.897334
-3.1248 0.87917
-3.12328 0.867188
-3.1304 0.861267
-3.13893 0.845469
-3.15146 0.836795
-3.15353 0.830783
-3.15586 0.815651
-3.16382 0.806864
-3.16762 0.797841
-3.17005 0.781887
-3.17356 0.770891
-3.17538 0.753528
-3.17762 0.741626
-3.18223 0.729808
-3.18181 0.718453
-3.18083 0.707055
-3.18075 0.696499
-3.18156 0.686486
-3.18762 0.672476
-3.19881 0.663938
-3.19507 0.647886
-3.19584 0.633212
-3.19523 0.626566
-3.20737 0.60673
-3.2116 0.596485
-3.21053 0.579306
-3.21508 0.566635
-3.21375 0.556905
-3.21333 0.542811
-3.21785 0.532626
-3.22328 0.529901
-3.22483 0.516665
-3.21077 0.466285
-3.20813 0.455097
-3.21026 0.44746
-3.20885 0.428129
-3.21472 0.424593
-3.21152 0.408412
-3.22 0.395376
-3.22111 0.377925
-3.22228 0.365138
-3.22068 0.348108
-3.21969 0.33585
-3.2222 0.322163
-3.21731 0.30333
-3.22019 0.295187
-3.21897 0.286325
-3.21959 0.278046
-3.21647 0.26434
-3.21357 0.257402
-3.21656 0.248834
-3.22188 0.228551
-3.22222 0.214088
-3.21741 0.196695
-3.20515 0.169791
-3.19922 0.165514
-3.20274 0.154576
-3.20267 0.13929
-3.19801 0.113564
-3.19861 0.106446
-3.20363 0.100101
-3.20723 0.0847621
-3.2073 0.078244
-3.20644 0.0714441
-3.20374 0.0618465
-3.20218 0.053954
-3.15421 -0.0533102
-3.18305 0.0366077
-3.13931 -0.0776933
-3.13748 -0.102849
-3.12891 -0.122572
-3.13066 -0.131591
-3.12716 -0.14942
-3.1274 -0.164803
-3.1171 -0.183947
-3.11456 -0.199481
-3.11118 -0.217763
-3.10322 -0.228609
-3.07575 -0.255608
-3.07262 -0.262373
-3.06869 -0.280927
-3.09296 -0.276994
-3.05467 -0.301249
-3.0569 -0.317778
-3.05806 -0.325082
-3.05843 -0.332637
-3.05519 -0.350467
-3.05296 -0.364794
-3.05183 -0.378661
-3.04361 -0.394965
-3.03887 -0.402735
-3.04041 -0.40504
-3.02383 -0.490486
-3.01958 -0.490698
-3.01837 -0.501779
-3.00588 -0.51773
-3.02241 -0.518503
-3.02571 -0.523917
-3.01775 -0.537899
-3.01421 -0.550869
-3.00203 -0.555363
-3.00176 -0.556301
-2.99339 -0.565628
-2.99003 -0.581383
-2.99285 -0.588423
-2.98691 -0.605382
-2.98031 -0.618342
-2.97493 -0.632024
-2.96404 -0.654892
-2.95924 -0.65573
-2.95659 -0.663594
-2.95754 -0.670096
-2.95328 -0.683865
-2.94629 -0.690109
-2.93425 -0.70347
-2.93334 -0.708543
-2.92795 -0.720427
-2.92076 -0.726836
-2.91237 -0.732195
-2.9036 -0.736762
-2.90096 -0.748897
-2.89571 -0.762709
-2.894 -0.771935
-2.87772 -0.779064
-2.88051 -0.786917
-2.87462 -0.796314
-2.8673 -0.815015
-2.86726 -0.822278
-2.85852 -0.827877
-2.84105 -0.837413
-2.83473 -0.849303
-2.82809 -0.853794
-2.81881 -0.863114
-2.81497 -0.875271
-2.82507 -0.870689
-2.82011 -0.884295
-2.81955 -0.895075
-2.81306 -0.899765
-2.80584 -0.906818
-2.7987 -0.912603
-2.76921 -1.00365
-2.78835 -0.910052
-2.77371 -0.913827
-2.75345 -1.02167
-2.75695 -1.02397
-2.74956 -1.03037
-2.73989 -1.04032
-2.73798 -1.05264
-2.73084 -1.06538
-2.71385 -1.06701
-2.70392 -1.06234
-2.70096 -1.08115
-2.68968 -1.09323
-2.68217 -1.09976
-2.67828 -1.10476
-2.66554 -1.11392
-2.66185 -1.12111
-2.65446 -1.12494
-2.6402 -1.1349
-2.63302 -1.13821
-2.6322 -1.14885
-2.62507 -1.15032
-2.61591 -1.1567
-2.60006 -1.16848
-2.59129 -1.18018
-2.57716 -1.18211
-2.57055 -1.18537
-2.5653 -1.1958
-2.55682 -1.19144
-2.54795 -1.20402
-2.48299 -1.23388
-2.47382 -1.24512
-2.46209 -1.26165
-2.45078 -1.2633
-2.43706 -1.26242
-2.43003 -1.27043
-2.42811 -1.28125
-2.41847 -1.30359
-2.40896 -1.30569
-2.39644 -1.32218
-2.37498 -1.33295
-2.36304 -1.33989
-2.35108 -1.34596
-2.33768 -1.34722
-2.33171 -1.35608
-2.32362 -1.3551
-2.30035 -1.36639
-2.28758 -1.3714
-2.2725 -1.38007
-2.25381 -1.39034
-2.24682 -1.39133
-2.23858 -1.40483
-2.22718 -1.40478
-2.21262 -1.41342
-2.20225 -1.41906
-2.19119 -1.42091
-2.17719 -1.43423
-2.17076 -1.42975
-2.15508 -1.43298
-2.14684 -1.43591
-2.12573 -1.50581
-2.13917 -1.44692
-2.08846 -1.50777
-2.03154 -1.53466
-2.0282 -1.541
-2.00909 -1.54484
-1.99599 -1.5478
-1.99087 -1.54646
-1.97923 -1.54649
-1.96352 -1.55464
-1.95523 -1.55735
-1.93606 -1.56132
-1.92018 -1.57301
-1.89609 -1.57249
-1.88577 -1.57161
-1.87026 -1.57764
-1.85394 -1.57859
-1.84042 -1.58143
-1.82905 -1.58225
-1.81369 -1.5828
-1.80192 -1.58087
-1.78622 -1.57576
-1.76838 -1.58084
-1.75951 -1.58019
-1.75093 -1.57958
-1.73795 -1.58054
-1.72072 -1.57725
-1.70913 -1.57902
-1.69917 -1.58197
-1.68591 -1.58234
-1.67389 -1.57981
-1.66653 -1.5751
-1.64675 -1.58584
-1.63379 -1.58515
-1.61931 -1.58344
-1.61133 -1.58186
-1.59981 -1.58207
-1.58708 -1.58426
-1.58068 -1.57906
-1.5355 -1.58298
-1.52493 -1.5879
-1.5116 -1.5897
-1.49754 -1.58926
-1.47777 -1.58309
-1.46365 -1.58442
-1.44725 -1.59138
-1.43574 -1.57766
-1.42071 -1.57968
-1.40001 -1.57983
-1.38972 -1.58236
-1.37365 -1.57975
-1.36438 -1.57702
-1.35462 -1.57558
-1.35175 -1.57424
-1.33115 -1.57197
-1.32171 -1.56979
-1.31233 -1.57002
-1.29589 -1.56191
-1.2834 -1.56221
-1.26116 -1.55587
-1.25355 -1.55547
-1.2463 -1.55321
-1.22699 -1.55518
-1.2112 -1.54785
-1.17943 -1.55386
-1.1623 -1.55171
-1.14749 -1.54639
-1.12917 -1.5409
-1.11495 -1.53864
-1.09361 -1.5375
-1.05094 -1.53269
-1.04023 -1.53103
-1.0295 -1.52376
-1.00775 -1.51871
-0.994433 -1.52013
-0.984957 -1.51239
-0.974495 -1.50414
-0.956997 -1.49813
-0.936136 -1.49989
-0.920394 -1.4728
-0.901083 -1.4684
-0.8895 -1.46061
-0.877194 -1.45618
-0.86159 -1.4476
-0.846461 -1.4517
-0.825606 -1.43333
-0.817816 -1.42771
-0.804221 -1.41545
-0.79418 -1.41053
-0.763448 -1.40426
-0.748041 -1.40452
-0.732671 -1.39344
-0.715442 -1.38401
-0.703689 -1.37928
-0.684388 -1.3706
-0.668763 -1.36134
-0.662329 -1.35863
-0.651845 -1.3501
-0.642613 -1.3441
-0.632051 -1.3377
-0.623251 -1.3281
-0.601016 -1.31477
-0.598369 -1.30541
-0.57233 -1.30042
-0.566595 -1.28829
-0.540766 -1.28539
-0.536096 -1.28345
-0.522344 -1.27334
-0.510729 -1.26311
-0.500291 -1.25783
-0.488898 -1.25291
-0.473402 -1.23315
-0.452802 -1.22292
-0.449491 -1.21877
-0.442205 -1.21067
-0.436333 -1.20671
-0.422722 -1.19044
-0.412001 -1.17946
-0.393241 -1.1683
-0.384041 -1.15997
-0.370638 -1.14855
-0.365821 -1.14248
-0.359148 -1.13464
-0.352517 -1.12381
-0.337052 -1.11675
-0.328449 -1.10959
-0.322857 -1.09713
-0.309413 -1.08797
-0.281876 -1.06937
-0.266152 -1.05496
-0.259132 -1.04125
-0.248538 -1.02704
-0.222435 -0.959827
-0.21415 -0.953917
-0.204861 -0.943774
-0.194942 -0.927041
-0.189954 -0.915282
-0.17686 -0.90477
-0.171687 -0.886874
-0.164261 -0.880211
-0.153204 -0.868825
-0.137274 -0.866786
-0.128256 -0.86206
-0.125883 -0.850878
-0.11449 -0.83068
-0.107022 -0.82131
-0.100289 -0.812998
-0.0424704 -0.791744
-0.0278751 -0.778381
-0.0247135 -0.765936
-0.00771325 -0.753237
0.0023171 -0.751889
0.0100321 -0.741349
0.0266762 -0.729703
0.0404915 -0.721159
0.0499922 -0.699533
0.0590558 -0.680959
0.0657792 -0.673359
0.0662706 -0.663578
0.0817217 -0.647412
0.0879448 -0.643663
0.0896597 -0.630588
0.100778 -0.619693
0.109203 -0.608618
0.113106 -0.604801
0.117266 -0.589558
0.125057 -0.585881
0.142939 -0.57352
0.151205 -0.565561
0.163015 -0.561134
0.17303 -0.543662
0.180206 -0.531345
0.187255 -0.525139
0.194369 -0.5186
0.191883 -0.519564
0.193131 -0.507239
0.207586 -0.486736
0.20884 -0.400782
0.208782 -0.380985
0.212409 -0.372118
0.220523 -0.360098
0.222943 -0.346556
0.231316 -0.337047
0.243195 -0.319666
0.244915 -0.306083
0.250121 -0.292466
0.259945 -0.271767
0.259575 -0.262068
0.259679 -0.256535
0.268885 -0.240329
0.274184 -0.226137
0.270094 -0.20832
0.280532 -0.186733
0.288333 -0.181842
0.287438 -0.165954
0.294431 -0.14331
0.295594 -0.124022
0.297793 -0.105342
0.303879 -0.0913471
0.310919 -0.0834796
0.310017 -0.0686759
0.311775 -0.0521616
0.31224 -0.0341247
0.305783 -0.0282234
0.31812 0.061826
0.321161 0.0741017
0.322995 0.084744
0.321455 0.102747
0.321775 0.107243
0.321393 0.121634
0.32291 0.141122
0.326546 0.14797
0.332981 0.164474
0.335358 0.183167
0.333074 0.197556
0.338501 0.21055
0.335989 0.225474
0.340923 0.251342
0.354244 0.258997
0.353061 0.274128
0.354593 0.28846
0.356902 0.297131
0.35323 0.307261
0.352943 0.322323
0.357539 0.329316
0.352932 0.342504
0.347249 0.358642
0.345682 0.374431
0.337905 0.387556
0.34091 0.402597
0.33926 0.42038
0.33918 0.426064
0.336371 0.441825
0.338464 0.456665
0.338336 0.477984
0.341135 0.484674
0.334111 0.527305
0.328929 0.534508
0.323871 0.543114
0.320929 0.557942
0.325249 0.565057
0.323218 0.57769
0.309983 0.591635
0.309934 0.604196
0.31021 0.611479
0.313126 0.620896
0.312724 0.628451
0.307786 0.633702
0.293078 0.657323
0.288535 0.670061
0.28268 0.688222
0.274208 0.694593
0.26773 0.704749
0.260267 0.7166
0.254278 0.724102
0.247979 0.735275
0.246198 0.754979
0.240972 0.7645
0.229809 0.78354
0.221618 0.794609
0.215495 0.803451
0.208903 0.814408
0.204512 0.825097
0.200558 0.833813
0.193421 0.84387
0.185855 0.851003
0.175235 0.862868
0.162112 0.88105
0.156786 0.89351
0.155777 0.908687
0.14419 0.922264
0.136043 0.934322
0.129184 0.942428
0.125216 0.952953
0.117702 0.961135
0.109548 0.969186
0.11164 1.0134
0.101467 1.02764
0.0934429 1.0412
0.0938579 1.03897
0.0836195 1.05268
0.0738029 1.06323
0.067018 1.06887
0.0562737 1.07402
0.0435004 1.08494
0.0370225 1.09892
0.0295154 1.11041
0.0157626 1.12561
0.00949044 1.13601
-0.00243677 1.14416
-0.00896015 1.15406
-0.0168534 1.16268
-0.0337679 1.17437
-0.0615843 1.1809
-0.0706782 1.1892
-0.0749938 1.19678
-0.076133 1.20565
-0.0886182 1.21469
-0.108227 1.23015
-0.123258 1.24877
-0.134366 1.25499
-0.143247 1.25958
-0.145015 1.26745
-0.154908 1.27471
-0.158518 1.28341
-0.166774 1.29253
-0.178723 1.303
-0.185871 1.30662
-0.198551 1.31544
-0.208592 1.32138
-0.224434 1.32551
-0.228966 1.33297
-0.250949 1.34386
-0.261737 1.35109
-0.268466 1.35753
-0.276441 1.36621
-0.285299 1.37215
-0.300436 1.37705
-0.316288 1.38504
-0.326988 1.38349
-0.333832 1.38056
-0.354339 1.3869
-0.367809 1.38258
-0.391129 1.38839
-0.401394 1.40048
-0.425421 1.40907
-0.441363 1.41295
-0.453813 1.41476
-0.462635 1.42581
-0.468606 1.43012
-0.486703 1.45004
-0.506759 1.4597
-0.516016 1.45746
-0.536841 1.46245
-0.566365 1.4748
-0.589287 1.47915
-0.595893 1.47499
