0.713066 -0.00342904
0.710705 0.0159642
0.717638 0.00946941
0.728925 0.00257685
0.712415 0.0397224
0.711641 0.0599212
0.712343 0.0609053
0.709819 0.0707502
0.70882 0.0734213
0.707032 0.0720087
0.699703 0.0845488
0.705907 0.095776
0.702052 0.104141
0.707959 0.109458
0.700175 0.108325
0.701812 0.115404
0.711189 0.118348
0.706273 0.122793
0.706622 0.12186
0.696283 0.123696
0.694878 0.131305
0.687619 0.132605
0.679497 0.138866
0.673489 0.152775
0.668827 0.148636
0.661077 0.15327
0.657505 0.160076
0.656492 0.16374
0.647668 0.164651
0.645625 0.156626
0.639322 0.161789
0.632673 0.165822
0.61768 0.163852
0.619822 0.166186
0.617504 0.169371
0.612746 0.170551
0.606822 0.172184
0.608932 0.176758
0.604336 0.176057
0.587994 0.182144
0.582997 0.182429
0.574957 0.18219
0.57276 0.184306
0.561655 0.184567
0.557048 0.186263
0.555442 0.185536
0.553738 0.187366
0.555909 0.185749
0.550039 0.194689
0.552184 0.19539
0.548136 0.202336
0.5437 0.207631
0.542394 0.210989
0.547437 0.214433
0.54205 0.220801
0.531634 0.227287
0.529539 0.228565
0.533128 0.230322
0.530746 0.232047
0.530248 0.231187
0.535213 0.23438
0.53364 0.236562
0.52774 0.238657
0.529019 0.238629
0.527079 0.245835
0.530007 0.245782
0.526801 0.25038
0.524621 0.25097
0.523313 0.250206
0.525768 0.25297
0.520135 0.269657
0.518655 0.26929
0.520768 0.274228
0.511605 0.273403
0.509022 0.276223
0.503776 0.27954
0.504009 0.27978
0.506257 0.282752
0.502261 0.277644
0.505042 0.275901
0.501806 0.276077
0.499377 0.276399
0.496434 0.279481
0.497029 0.282505
0.49409 0.288461
0.49597 0.289262
0.495196 0.290304
0.496164 0.293472
0.496132 0.298082
0.497834 0.301694
0.497396 0.306708
0.498864 0.308306
0.49751 0.309252
0.496938 0.310164
0.500235 0.307915
0.490747 0.313725
0.492877 0.314925
0.485566 0.335223
0.490653 0.330242
0.489562 0.331036
0.493495 0.32982
0.494263 0.337205
0.491558 0.338863
0.495461 0.350842
0.496015 0.348859
0.500303 0.347342
0.499949 0.355371
0.493882 0.355031
0.492901 0.35556
0.489947 0.35606
0.490607 0.352731
0.488291 0.357133
0.493044 0.357797
0.49439 0.353978
0.492321 0.35664
0.492294 0.353693
0.485354 0.36392
0.484732 0.369778
0.48384 0.371192
0.483009 0.370439
0.482947 0.367913
0.488888 0.368049
0.48894 0.366971
0.485614 0.362766
0.483274 0.366518
0.482775 0.370592
0.485606 0.371445
0.487037 0.371618
0.489758 0.370113
0.492502 0.370345
0.486592 0.374626
0.487213 0.380214
0.495356 0.376224
0.490486 0.379445
0.487309 0.38246
0.492079 0.383132
0.483244 0.388823
0.483106 0.396403
0.482597 0.397236
0.458861 0.396826
0.479314 0.399313
0.479208 0.395509
0.47859 0.395121
0.469425 0.402265
0.469631 0.411759
0.468184 0.42181
0.468383 0.423233
0.469241 0.417037
0.464444 0.422876
0.468124 0.425094
0.466726 0.424237
0.468856 0.426811
0.466711 0.438476
0.468115 0.440843
0.46524 0.437059
0.464485 0.438411
0.460584 0.441477
0.439268 0.447031
0.44299 0.446074
0.441876 0.449026
0.434169 0.466624
0.436355 0.467045
0.435742 0.465824
0.434547 0.473136
0.435272 0.473877
0.436846 0.479806
0.424644 0.481742
0.423486 0.476115
0.421131 0.480474
0.419597 0.481953
0.422086 0.487717
0.428869 0.487324
0.425353 0.504037
0.418981 0.539091
0.427246 0.501794
0.416819 0.539952
0.411837 0.544499
0.409238 0.546834
0.410499 0.558601
0.404094 0.569798
0.39841 0.578516
0.395442 0.579809
0.391638 0.593786
0.395391 0.599901
0.389326 0.606365
0.375555 0.618074
0.367688 0.62563
0.357882 0.634564
0.352164 0.640226
0.350157 0.646292
0.344488 0.653062
0.341918 0.66205
0.333986 0.669586
0.334015 0.678872
0.323036 0.683793
0.315118 0.697997
0.304808 0.709473
0.297122 0.717754
0.294605 0.729363
0.290328 0.745543
0.283461 0.751483
0.276089 0.766038
0.27573 0.769966
0.270577 0.7742
0.269454 0.782334
0.261747 0.7846
0.257157 0.793388
0.235827 0.812363
0.220958 0.827839
0.211482 0.840391
0.190405 0.869035
0.175903 0.883859
0.158734 0.895648
0.149539 0.90873
0.132467 0.920453
0.116466 0.934307
0.105365 0.943596
0.094986 0.962035
0.0825611 0.971583
0.0666446 0.982038
0.0594029 0.99578
0.0379623 1.00715
0.0242474 1.03133
0.0128798 1.04294
-0.00155679 1.05163
-0.0239259 1.06032
-0.0232225 1.07541
-0.0794074 1.08399
-0.0879814 1.09793
-0.106569 1.10718
-0.117159 1.11261
-0.139741 1.12748
-0.156483 1.12175
-0.17856 1.12862
-0.193381 1.13744
-0.206818 1.14308
-0.223097 1.14973
-0.243871 1.1631
-0.270629 1.17337
-0.282816 1.18902
-0.299773 1.19313
-0.315644 1.20223
-0.325519 1.20801
-0.337735 1.21192
-0.359311 1.22555
-0.375712 1.23645
-0.394965 1.25134
-0.421123 1.26247
-0.433916 1.27577
-0.453164 1.27793
-0.463143 1.28012
-0.484525 1.28869
-0.496683 1.29097
-0.508148 1.29238
-0.525298 1.29253
-0.539702 1.30183
-0.553685 1.30634
-0.571702 1.31864
-0.581357 1.32432
-0.597683 1.32613
-0.613931 1.33339
-0.620993 1.3401
-0.635202 1.3466
-0.66041 1.35598
-0.669155 1.36151
-0.686595 1.36703
-0.699251 1.36903
-0.713802 1.3852
-0.72767 1.38614
-0.742279 1.38813
-0.755483 1.39207
-0.776647 1.40168
-0.792531 1.40108
-0.802138 1.40587
-0.82384 1.4103
-0.841015 1.41623
-0.856408 1.41141
-0.874532 1.4165
-0.911039 1.42155
-0.926977 1.42469
-0.939067 1.43106
-0.951059 1.43469
-0.966514 1.43702
-0.984203 1.449
-1.00048 1.45664
-1.01689 1.45946
-1.02805 1.45646
-1.04369 1.45766
-1.07327 1.4594
-1.08913 1.46109
-1.1073 1.45771
-1.11731 1.45667
-1.12874 1.45862
-1.14421 1.46325
-1.16091 1.46897
-1.17303 1.46927
-1.18131 1.47162
-1.19494 1.47536
-1.21501 1.48021
-1.23276 1.49043
-1.25437 1.48868
-1.26559 1.47719
-1.27865 1.48515
-1.28647 1.47919
-1.3081 1.52655
-1.32044 1.49437
-1.33657 1.49047
-1.34884 1.48817
-1.35472 1.48835
-1.36827 1.48873
-1.38638 1.49235
-1.39735 1.48655
-1.41376 1.48554
-1.42761 1.48493
-1.4416 1.48512
-1.45126 1.48179
-1.46958 1.47615
-1.48481 1.47832
-1.49465 1.47341
-1.51669 1.47009
-1.52493 1.46756
-1.5429 1.46857
-1.58303 1.4618
-1.59414 1.4525
-1.60999 1.45069
-1.62059 1.45008
-1.64015 1.44946
-1.66529 1.43975
-1.67692 1.43543
-1.68777 1.42968
-1.701 1.42491
-1.71852 1.41709
-1.73043 1.41489
-1.74192 1.41033
-1.75989 1.40677
-1.78551 1.40343
-1.7963 1.3981
-1.80859 1.39183
-1.82423 1.38608
-1.83836 1.38161
-1.85918 1.37176
-1.8756 1.3693
-1.88959 1.36186
-1.89898 1.35756
-1.90879 1.34948
-1.92156 1.3461
-1.92758 1.34328
-1.94565 1.34043
-1.96006 1.33858
-1.98285 1.32911
-1.99016 1.32749
-2.001 1.31778
-2.00681 1.3084
-2.02859 1.30056
-2.04236 1.29931
-2.0651 1.2828
-2.0996 1.28301
-2.11363 1.27549
-2.12669 1.26778
-2.14082 1.26139
-2.15452 1.25934
-2.16734 1.25292
-2.1911 1.24915
-2.2124 1.23867
-2.23013 1.22713
-2.24238 1.21975
-2.25548 1.21297
-2.26921 1.20339
-2.28359 1.19077
-2.29803 1.18208
-2.31095 1.1744
-2.32589 1.16328
-2.33552 1.15085
-2.34489 1.14109
-2.36259 1.12855
-2.3829 1.11843
-2.39981 1.10731
-2.41315 1.10318
-2.42494 1.09619
-2.43858 1.0898
-2.45382 1.0843
-2.46893 1.07599
-2.47873 1.06667
-2.49437 1.05687
-2.50589 1.05165
-2.51672 1.03898
-2.52682 1.02836
-2.535 1.00664
-2.56045 0.993199
-2.57338 0.985095
-2.58163 0.979899
-2.59057 0.964062
-2.60017 0.95347
-2.61156 0.941524
-2.62439 0.930895
-2.6342 0.922278
-2.64856 0.91345
-2.65808 0.903949
-2.66474 0.895344
-2.67628 0.878708
-2.69354 0.864535
-2.71024 0.85489
-2.72191 0.843873
-2.73919 0.837138
-2.7518 0.823883
-2.7614 0.813517
-2.77446 0.804944
-2.78421 0.790384
-2.79527 0.781524
-2.80418 0.771999
-2.81611 0.758545
-2.82936 0.749656
-2.8329 0.742058
-2.84562 0.729959
-2.84964 0.72275
-2.85733 0.717776
-2.86325 0.71263
-2.86893 0.705302
-2.8759 0.69598
-2.88167 0.687289
-2.89265 0.676089
-2.89572 0.660586
-2.90308 0.649422
-2.9144 0.636558
-2.93002 0.625675
-2.94174 0.609831
-2.94921 0.594937
-2.94953 0.584436
-2.95529 0.577856
-2.96465 0.567165
-2.97371 0.562779
-2.98758 0.564353
-2.98898 0.554125
-2.99695 0.545217
-3.00768 0.549213
-3.01434 0.542246
-3.02316 0.534182
-3.03206 0.526072
-3.03582 0.488771
-3.03662 0.531823
-3.04456 0.479158
-3.04816 0.471504
-3.06019 0.466286
-3.06278 0.456605
-3.06818 0.445423
-3.0705 0.430436
-3.07592 0.421432
-3.08259 0.410466
-3.08032 0.400967
-3.0876 0.397122
-3.08502 0.390303
-3.10016 0.376434
-3.10099 0.362428
-3.10524 0.351929
-3.11118 0.341012
-3.11763 0.326323
-3.12207 0.314979
-3.12407 0.304746
-3.13063 0.294799
-3.13097 0.287939
-3.13641 0.276893
-3.1471 0.267207
-3.15614 0.252847
-3.15977 0.244453
-3.16892 0.237313
-3.17095 0.221143
-3.17628 0.207098
-3.1801 0.195827
-3.17994 0.187573
-3.18647 0.177199
-3.18207 0.169614
-3.1771 0.148589
-3.17804 0.148969
-3.17452 0.131955
-3.17134 0.129721
-3.17231 0.118616
-3.17305 0.10649
-3.17178 0.0949017
-3.1765 0.0885143
-3.17238 0.0778241
-3.17662 0.0791436
-3.17606 0.0661625
-3.18005 0.0616115
-3.18244 0.0496403
-3.18291 0.0345972
-3.16865 -0.0343354
-3.17023 -0.0506938
-3.17093 -0.0673816
-3.17344 -0.0828479
-3.16828 -0.0970148
-3.16815 -0.104471
-3.16684 -0.113756
-3.16414 -0.124389
-3.16315 -0.134813
-3.16774 -0.146023
-3.15866 -0.153469
-3.15632 -0.162898
-3.15726 -0.176908
-3.1525 -0.188909
-3.15629 -0.204341
-3.15674 -0.219805
-3.15437 -0.232946
-3.15317 -0.242299
-3.14986 -0.25371
-3.14707 -0.275304
-3.14192 -0.28431
-3.13788 -0.296901
-3.13221 -0.313485
-3.13053 -0.32091
-3.12609 -0.348224
-3.12446 -0.360187
-3.11805 -0.366843
-3.11341 -0.38636
-3.10348 -0.404736
-3.09435 -0.418669
-3.09985 -0.42349
-3.08507 -0.434718
-3.079 -0.454281
-3.07698 -0.507323
-3.036 -0.533097
-3.0646 -0.521557
-3.06002 -0.53072
-3.01771 -0.548757
-3.01835 -0.557664
-3.01657 -0.567562
-3.00865 -0.583854
-3.00103 -0.600215
-2.99605 -0.622635
-2.99264 -0.626796
-2.9817 -0.64282
-2.97635 -0.650464
-2.97112 -0.659398
-2.96344 -0.668518
-2.95695 -0.685662
-2.95758 -0.692799
-2.94239 -0.71013
-2.93479 -0.723831
-2.92864 -0.742622
-2.92827 -0.755998
-2.92485 -0.767946
-2.92165 -0.778449
-2.9215 -0.786369
-2.91638 -0.792215
-2.90984 -0.814572
-2.90053 -0.817939
-2.89421 -0.829859
-2.87425 -0.842055
-2.85963 -0.851063
-2.85446 -0.875041
-2.83331 -0.87571
-2.82772 -0.878008
-2.83266 -0.879419
-2.8319 -0.89013
-2.82129 -0.89838
-2.8097 -0.906751
-2.81744 -0.90878
-2.80671 -0.915385
-2.80293 -0.92489
-2.79916 -0.933889
-2.79804 -1.00222
-2.78354 -1.01114
-2.77972 -0.966834
-2.77382 -1.02904
-2.75512 -0.972674
-2.75888 -0.968162
-2.75834 -1.03487
-2.75475 -1.04791
-2.74152 -1.05133
-2.72512 -1.05628
-2.70791 -1.07524
-2.704 -1.07917
-2.69753 -1.08773
-2.68709 -1.08814
-2.6848 -1.09598
-2.68535 -1.11214
-2.67741 -1.12833
-2.66634 -1.13347
-2.65075 -1.14916
-2.64556 -1.15526
-2.6382 -1.16056
-2.6224 -1.16744
-2.6073 -1.16728
-2.59282 -1.17135
-2.58259 -1.18737
-2.58308 -1.18577
-2.57538 -1.19237
-2.48014 -1.22293
-2.48079 -1.23276
-2.46825 -1.25093
-2.45983 -1.25371
-2.43762 -1.27621
-2.43595 -1.27694
-2.4358 -1.27655
-2.42152 -1.28336
-2.41289 -1.28579
-2.40911 -1.28433
-2.40746 -1.30382
-2.39307 -1.30911
-2.37752 -1.30728
-2.36945 -1.33003
-2.35637 -1.34215
-2.34715 -1.35605
-2.32966 -1.36561
-2.32204 -1.3752
-2.30769 -1.3778
-2.30024 -1.37761
-2.29063 -1.38151
-2.2797 -1.37977
-2.27273 -1.37775
-2.25473 -1.40573
-2.24801 -1.40788
-2.2339 -1.41588
-2.22212 -1.42078
-2.20645 -1.42412
-2.17765 -1.42802
-2.16704 -1.42633
-2.14873 -1.43243
-2.13538 -1.42949
-2.11863 -1.43313
-2.10367 -1.43183
-2.08109 -1.44011
-2.07025 -1.4457
-2.0407 -1.45747
-2.03717 -1.45629
-2.01417 -1.46985
-2.00175 -1.46748
-1.98145 -1.47486
-1.9577 -1.506
-1.95155 -1.51222
-1.93685 -1.51059
-1.93252 -1.51307
-1.91218 -1.51203
-1.90169 -1.51546
-1.87889 -1.51289
-1.86482 -1.52153
-1.85426 -1.51971
-1.84292 -1.51903
-1.82935 -1.52564
-1.81443 -1.52571
-1.80183 -1.52681
-1.7882 -1.53321
-1.77475 -1.5301
-1.76395 -1.52985
-1.75293 -1.53141
-1.7253 -1.53469
-1.70798 -1.54131
-1.69323 -1.53602
-1.68572 -1.53654
-1.67174 -1.53526
-1.66576 -1.54026
-1.65381 -1.54667
-1.63295 -1.55035
-1.61838 -1.55138
-1.60133 -1.54718
-1.58645 -1.54518
-1.57927 -1.54437
-1.52475 -1.54173
-1.51908 -1.54293
-1.51173 -1.54331
-1.49486 -1.54094
-1.48423 -1.53743
-1.4806 -1.53383
-1.46568 -1.52956
-1.44821 -1.52558
-1.42895 -1.52774
-1.37927 -1.48657
-1.38526 -1.5309
-1.3698 -1.53186
-1.3592 -1.53506
-1.35013 -1.53289
-1.3289 -1.52272
-1.31158 -1.52304
-1.30094 -1.52651
-1.28174 -1.51374
-1.25323 -1.51256
-1.23217 -1.51625
-1.21627 -1.51409
-1.20135 -1.5164
-1.19057 -1.52063
-1.16794 -1.51149
-1.15055 -1.47055
-1.12897 -1.45558
-1.10944 -1.45868
-1.0859 -1.46476
-1.07445 -1.46004
-1.06169 -1.45291
-1.05204 -1.44462
-1.01573 -1.44486
-0.996269 -1.44386
-0.990102 -1.43397
-0.976541 -1.42709
-0.95742 -1.42371
-0.941647 -1.42516
-0.922922 -1.41634
-0.915213 -1.41339
-0.902163 -1.41233
-0.889237 -1.40215
-0.871432 -1.39695
-0.856688 -1.39116
-0.849314 -1.38794
-0.833174 -1.38335
-0.82169 -1.38199
-0.803862 -1.37636
-0.789192 -1.36428
-0.768944 -1.34979
-0.755027 -1.34049
-0.742528 -1.33299
-0.722222 -1.32743
-0.713261 -1.32028
-0.701795 -1.31388
-0.69023 -1.30701
-0.67899 -1.29582
-0.663196 -1.28634
-0.652137 -1.29318
-0.637495 -1.28693
-0.622043 -1.27209
-0.610022 -1.26942
-0.551506 -1.2699
-0.545968 -1.26325
-0.537104 -1.25924
-0.520869 -1.24401
-0.505381 -1.23921
-0.500512 -1.24002
-0.48577 -1.23104
-0.467177 -1.22777
-0.448192 -1.21894
-0.438625 -1.20405
-0.430567 -1.19114
-0.407499 -1.17417
-0.395725 -1.16961
-0.383354 -1.1621
-0.374215 -1.15367
-0.35439 -1.13711
-0.33515 -1.13789
-0.315826 -1.1263
-0.30847 -1.11807
-0.297217 -1.11377
-0.288698 -1.10179
-0.281022 -1.09123
-0.265555 -1.08108
-0.241295 -1.06785
-0.226846 -1.07316
-0.216465 -1.05577
-0.202139 -1.0502
-0.185863 -1.04691
-0.172678 -1.04186
-0.164174 -1.03691
-0.139217 -1.02503
-0.134943 -1.00954
-0.121591 -1.0025
-0.1091 -0.994274
-0.0989486 -0.983139
-0.104563 -0.927659
-0.0521052 -0.923358
-0.0407037 -0.912305
-0.043971 -0.896863
-0.0275024 -0.877953
-0.0155561 -0.858317
-0.00564523 -0.842344
-0.00267848 -0.828989
0.00567953 -0.811413
0.0112284 -0.784147
0.0195949 -0.776362
0.0232012 -0.761149
0.0444958 -0.741233
0.0479029 -0.722521
0.0522228 -0.716025
0.0628623 -0.704202
0.0688973 -0.696593
0.0697049 -0.679482
0.0835835 -0.668792
0.0989659 -0.65008
0.1061 -0.636176
0.105775 -0.622498
0.110821 -0.600407
0.124519 -0.584864
0.128422 -0.577448
0.142618 -0.563435
0.14918 -0.540071
0.171473 -0.527218
0.181589 -0.514507
0.19449 -0.491376
0.188383 -0.445211
0.181609 -0.427639
0.185896 -0.416904
0.188498 -0.394458
0.195411 -0.377301
0.20498 -0.353564
0.209567 -0.336863
0.219091 -0.314359
0.222994 -0.298553
0.231094 -0.279567
0.232341 -0.263812
0.238235 -0.24993
0.250542 -0.238776
0.253055 -0.213355
0.262456 -0.19241
0.276651 -0.170124
0.277284 -0.156384
0.278985 -0.140926
0.28742 -0.126734
0.297542 -0.105307
0.298323 -0.0876132
0.312127 -0.0744079
0.316152 -0.059136
0.315331 -0.0473612
0.318692 -0.0289865
0.318197 -0.00717201
0.318828 0.000814966
0.312981 0.0322283
0.317059 0.0454565
0.322735 0.0498833
0.325697 0.0632281
0.323501 0.0828837
0.32094 0.0938248
0.321872 0.11112
0.330592 0.12493
0.334163 0.145724
0.332922 0.158099
0.326353 0.17919
0.327391 0.190707
0.326599 0.21269
0.327931 0.227318
0.322846 0.237363
0.325732 0.249972
0.328055 0.268582
0.336785 0.285029
0.334878 0.29919
0.346901 0.32509
0.348564 0.344628
0.351137 0.36143
0.350611 0.379452
0.343265 0.393092
0.339896 0.407904
0.337008 0.417894
0.327972 0.436103
0.319126 0.458915
0.322034 0.471979
0.325757 0.483459
0.328849 0.493297
0.319247 0.530651
0.310043 0.543855
0.299119 0.564356
0.289336 0.573801
0.283943 0.584577
0.28022 0.593674
0.275545 0.611216
0.273386 0.617497
0.274508 0.622528
0.271783 0.633153
0.265018 0.639005
0.261834 0.652624
0.25478 0.662468
0.244761 0.682316
0.236968 0.693059
0.224366 0.704545
0.217968 0.71419
0.196172 0.740516
0.184179 0.756917
0.176082 0.772903
0.167576 0.784948
0.15746 0.799457
0.153169 0.813343
0.148617 0.825222
0.144404 0.836271
0.138421 0.852328
0.126645 0.862828
0.115633 0.87232
0.111247 0.886557
0.10458 0.897246
0.0931725 0.910149
0.0845836 0.916103
0.0699368 0.934289
0.0648078 0.941033
0.0617332 0.951884
0.0525041 0.958127
0.0539191 0.966215
0.0427457 0.977134
0.0375573 0.980775
0.0290974 0.990777
0.00449072 1.02682
0.00291235 1.03679
-0.0120539 1.05002
-0.0214279 1.06405
-0.0323829 1.07342
-0.04227 1.0872
-0.0503185 1.10034
-0.0760473 1.11306
-0.0873721 1.13444
-0.101549 1.14779
-0.111191 1.15431
-0.116147 1.16851
-0.126498 1.17654
-0.144661 1.20191
-0.155369 1.20884
-0.165981 1.21522
-0.174137 1.22385
-0.194464 1.23756
-0.201117 1.24555
-0.212321 1.25181
-0.229723 1.27494
-0.237185 1.28262
-0.245775 1.28987
-0.249313 1.2968
-0.261185 1.30695
-0.274166 1.31499
-0.282942 1.32219
-0.294159 1.33412
-0.30797 1.33868
-0.317882 1.34492
-0.327968 1.35257
-0.340119 1.35916
-0.34807 1.36362
-0.35411 1.35942
-0.35879 1.37279
-0.362169 1.38246
-0.368789 1.38942
-0.381333 1.39434
-0.394959 1.40309
-0.407815 1.41335
-0.415653 1.42348
-0.429244 1.43046
-0.447983 1.43887
-0.460401 1.43609
-0.470807 1.44501
-0.467924 1.45117
-0.472766 1.45818
-0.477086 1.45145
-0.484405 1.46453
-0.487124 1.47107
-0.49514 1.48056
-0.504875 1.48992
-0.510451 1.5327
-0.520095 1.49732
-0.520378 1.54163
-0.562432 1.56002
-0.571237 1.56136
-0.572604 1.55883
-0.585196 1.56059
-0.586693 1.55786
-0.585472 1.56306
-0.588582 1.56568
-0.579967 1.57146
-0.588861 1.57606
-0.597043 1.58262
-0.600999 1.58617
-0.601866 1.59801
-0.609735 1.6016
-0.606084 1.60533
-0.616043 1.59765
-0.616114 1.58902
-0.624312 1.59061
-0.626043 1.5988
-0.629914 1.60638
-0.63311 1.604
-0.641547 1.61159
-0.640813 1.60918
-0.648326 1.61072
-0.657243 1.61373
-0.670053 1.61683
-0.672418 1.62192
-0.66925 1.63262
-0.673633 1.63444
-0.686809 1.63299
-0.688322 1.63512
-0.686245 1.63708
-0.69275 1.63633
-0.698149 1.63713
-0.700432 1.63412
-0.701934 1.62906
-0.695164 1.632
-0.695507 1.63565
-0.703939 1.63839
-0.710566 1.64195
-0.713609 1.64599
-0.723895 1.6487
-0.724257 1.64545
-0.731943 1.65094
-0.732861 1.64984
-0.734944 1.65705
-0.736884 1.65904
-0.734879 1.65701
-0.741325 1.65856
-0.741569 1.65602
-0.748218 1.66143
-0.753021 1.66205
-0.755536 1.66113
-0.759646 1.66325
-0.761812 1.6617
-0.759039 1.66616
-0.764077 1.66482
-0.768014 1.66706
-0.765262 1.66287
-0.773242 1.66513
-0.778012 1.66837
-0.781205 1.66839
-0.781078 1.66448
-0.789101 1.66734
-0.795156 1.67007
-0.802065 1.67429
-0.807566 1.67427
-0.817545 1.68322
-0.819057 1.68642
-0.823717 1.68978
-0.830981 1.69186
-0.834903 1.68826
-0.837595 1.68942
-0.842531 1.6932
-0.843261 1.69332
-0.846972 1.69971
-0.853572 1.70064
-0.862815 1.69774
-0.866958 1.69698
-0.876665 1.69687
-0.881994 1.69667
-0.889894 1.70329
-0.893971 1.69987
-0.902315 1.69798
-0.90552 1.70192
-0.911771 1.70568
-0.915029 1.70399
-0.922461 1.70504
-0.929608 1.70772
-0.933476 1.70861
-0.934245 1.70514
-0.938197 1.70556
-0.942337 1.70073
-0.943991 1.70222
-0.948565 1.70084
-0.953876 1.70279
-0.959909 1.70122
-0.966671 1.70133
-0.971821 1.70669
-0.966332 1.70946
-0.970491 1.7127
-0.97589 1.71605
-0.973725 1.71935
-0.975639 1.71752
-0.976378 1.71465
-0.980508 1.71397
-0.987719 1.7146
-0.99119 1.71697
-0.99375 1.71771
-0.998218 1.71665
-1.00227 1.71232
-1.00664 1.70356
-1.00791 1.70455
-1.01355 1.7039
-1.0198 1.70439
-1.02227 1.70332
-1.02946 1.70489
-1.03584 1.70405
-1.04015 1.70606
-1.04442 1.70619
-1.05956 1.71136
-1.04345 1.71059
-1.06286 1.71356
-1.06628 1.71361
-1.07163 1.71267
-1.07844 1.70524
-1.08081 1.70273
-1.08525 1.704
-1.08769 1.70513
-1.09428 1.71253
-1.09407 1.71337
-1.09482 1.69843
-1.09992 1.69624
-1.09632 1.69805
-1.0975 1.69842
-1.09955 1.70067
-1.10896 1.69223
-1.11239 1.69636
-1.11751 1.69356
-1.1271 1.68922
-1.1303 1.68669
-1.13822 1.68509
-1.14278 1.684
-1.14553 1.69
-1.15018 1.6891
-1.15301 1.69292
-1.15991 1.6932
-1.16476 1.69068
-1.15958 1.69539
-1.16258 1.6919
-1.16781 1.68996
-1.16868 1.68571
-1.17305 1.69415
-1.17834 1.69378
-1.18498 1.69644
-1.18692 1.69136
-1.19505 1.69726
-1.20911 1.69291
-1.21313 1.69563
-1.21718 1.69862
-1.2225 1.70101
-1.23148 1.70875
-1.23842 1.71657
-1.2446 1.71862
-1.24545 1.71654
-1.25823 1.71357
-1.26177 1.7114
-1.26812 1.71567
-1.27734 1.71953
-1.28465 1.72375
-1.29351 1.72632
-1.29467 1.72674
-1.30272 1.72782
-1.30553 1.73429
-1.30813 1.73039
-1.3107 1.73742
-1.32132 1.7475
-1.32127 1.74878
-1.33274 1.74995
-1.33854 1.75057
-1.35336 1.75653
-1.36143 1.75806
-1.36574 1.75964
-1.37378 1.75696
-1.3794 1.75724
-1.38098 1.7581
-1.38674 1.75579
-1.38424 1.75564
-1.38845 1.75847
-1.3951 1.75727
-1.39598 1.75673
-1.40239 1.75707
-1.40695 1.77343
-1.41744 1.77559
-1.42096 1.77366
-1.42308 1.77319
-1.42438 1.77644
-1.4353 1.79156
-1.43696 1.79017
-1.44172 1.78919
-1.44444 1.78819
-1.44895 1.78347
-1.45015 1.78299
-1.45505 1.78207
-1.45651 1.7775
-1.46796 1.77666
-1.4772 1.77679
-1.48029 1.77539
-1.48341 1.77594
-1.4894 1.78201
-1.49705 1.77935
-1.50593 1.77363
-1.51338 1.77007
-1.55165 1.79445
-1.55504 1.78573
-1.55712 1.78989
-1.55843 1.78321
-1.57044 1.7872
-1.56862 1.78383
-1.57495 1.79229
-1.58468 1.7978
-1.59329 1.79612
-1.5999 1.79552
-1.60671 1.79147
-1.61554 1.78876
-1.62013 1.78907
-1.62596 1.78801
-1.63423 1.78606
-1.63478 1.7844
-1.64276 1.78522
-1.64571 1.78531
-1.65323 1.78556
-1.65221 1.78221
-1.65909 1.7855
-1.66772 1.78439
-1.67188 1.78351
-1.67337 1.78609
-1.67326 1.77985
-1.68891 1.77093
-1.69486 1.76885
-1.70335 1.76257
-1.70891 1.76443
-1.71381 1.76303
-1.71373 1.76697
-1.72155 1.76529
-1.72587 1.76082
-1.73277 1.7618
-1.73697 1.75417
-1.74168 1.7519
-1.74874 1.75502
-1.75364 1.74934
-1.75837 1.74917
-1.76399 1.74557
-1.76917 1.74454
-1.77565 1.74341
-1.78301 1.73894
-1.78731 1.73741
-1.79266 1.72858
-1.7962 1.73031
-1.80536 1.73147
-1.81599 1.72558
-1.82277 1.72607
-1.82533 1.72054
-1.83208 1.71794
-1.84282 1.71658
-1.84955 1.71427
-1.85593 1.70702
-1.86443 1.70879
-1.87065 1.7105
-1.87735 1.70886
-1.88119 1.70136
-1.89162 1.69857
-1.89692 1.69701
-1.89945 1.70041
-1.90939 1.69673
-1.92157 1.69512
-1.9288 1.68683
-1.93226 1.6851
-1.93801 1.67912
-1.94413 1.67987
-1.95064 1.67335
-1.95801 1.66669
-1.96131 1.66922
-1.96545 1.66563
-1.96779 1.6625
-1.97257 1.66388
-1.97809 1.65932
-1.98065 1.65286
-1.9825 1.65111
-1.98658 1.64862
-1.99035 1.65157
-1.99576 1.64833
-2.00909 1.64854
-2.02662 1.65037
-2.03202 1.66203
-2.03647 1.65644
-2.03428 1.65498
-2.04311 1.65768
-2.0605 1.65071
-2.06805 1.65072
-2.06749 1.6473
-2.07194 1.63955
-2.07702 1.63485
-2.08282 1.64105
-2.08777 1.64082
-2.09055 1.64085
-2.09523 1.64092
-2.10414 1.63685
-2.10068 1.63698
-2.1061 1.63062
-2.10947 1.63563
-2.11031 1.63538
-2.11505 1.6328
-2.11821 1.62697
-2.12599 1.62791
-2.12577 1.62833
-2.12896 1.62685
-2.13588 1.62508
-2.13637 1.62224
-2.139 1.61549
-2.14284 1.6121
-2.14645 1.61237
-2.15274 1.60887
-2.15891 1.60562
-2.16036 1.60365
-2.16798 1.59972
-2.17179 1.58704
-2.18113 1.58253
-2.18191 1.58154
-2.18621 1.57708
-2.19205 1.57598
-2.19788 1.57356
-2.20203 1.57619
-2.20603 1.56954
-2.2065 1.57323
-2.21424 1.57458
-2.21734 1.57134
-2.22141 1.57009
-2.2246 1.57552
-2.22609 1.5699
-2.22858 1.5703
-2.23202 1.57124
-2.24222 1.56493
-2.24812 1.56498
-2.24846 1.56424
-2.25478 1.55629
-2.26301 1.50827
-2.26604 1.50487
-2.27258 1.55584
-2.28231 1.50602
-2.28236 1.50598
-2.2853 1.50269
-2.30274 1.53908
-2.30891 1.53197
-2.31532 1.5349
-2.31822 1.5355
-2.32312 1.49816
-2.32753 1.53932
-2.32889 1.53478
-2.33797 1.52835
-2.34698 1.53192
-2.35008 1.53254
-2.35599 1.52716
-2.36107 1.52364
-2.36919 1.52402
-2.37447 1.49221
-2.37806 1.48629
-2.37994 1.52115
-2.38509 1.47528
-2.38715 1.4746
-2.39489 1.47703
-2.41078 1.47011
-2.41046 1.46707
-2.4145 1.46404
-2.42011 1.46138
-2.42993 1.4633
-2.432 1.45829
-2.43565 1.45706
-2.44294 1.44505
-2.45443 1.44742
-2.4622 1.44677
-2.46809 1.44281
-2.47274 1.43769
-2.47349 1.43059
-2.48048 1.42384
-2.48244 1.4209
-2.48872 1.4146
-2.50033 1.40853
-2.50318 1.40475
-2.5054 1.39856
-2.50875 1.39369
-2.51179 1.38923
-2.51834 1.37812
-2.52122 1.37434
-2.52648 1.36858
-2.52922 1.36267
-2.5363 1.35542
-2.53915 1.35208
-2.5456 1.33936
-2.5652 1.3333
-2.56858 1.3289
-2.57183 1.32182
-2.58388 1.31429
-2.59437 1.3027
-2.60249 1.29514
-2.60829 1.28475
-2.61718 1.27648
-2.62832 1.26916
-2.64116 1.26388
-2.65189 1.2607
-2.65686 1.2542
-2.66935 1.24464
-2.68069 1.23721
-2.68938 1.22662
-2.70059 1.22217
-2.70879 1.20652
-2.7189 1.19766
-2.72916 1.19237
-2.7398 1.18579
-2.74858 1.17459
-2.75889 1.16102
-2.7676 1.15234
-2.76273 1.02831
-2.77168 1.03447
-2.78201 1.03428
-2.79543 1.02864
-2.80636 1.03135
-2.82438 1.11487
-2.82664 1.09908
-2.83875 1.1022
-2.85226 1.09587
-2.86026 1.09153
-2.86586 1.07624
-2.87179 1.06629
-2.88195 1.06091
-2.88923 1.04961
-2.90618 1.04365
-2.92066 1.04794
-2.92316 1.03885
-2.94128 1.03408
-2.94107 0.936499
-2.94897 0.931649
-2.9561 0.924582
-2.96769 0.922629
-2.97573 0.911757
-2.98165 0.896535
-2.98279 0.884247
-2.98771 0.873671
-2.99321 0.866354
-2.99974 0.853662
-3.00299 0.841203
-3.00476 0.829657
-3.01183 0.821926
-3.01319 0.805683
-3.02535 0.80345
-3.03092 0.790855
-3.03038 0.774652
-3.03603 0.762771
-3.05363 0.747771
-3.04371 0.738617
-3.06494 0.712122
-3.07104 0.701674
-3.07459 0.689007
-3.08129 0.672774
-3.08482 0.661534
-3.09127 0.650464
-3.09309 0.634847
-3.09542 0.621964
-3.10286 0.597231
-3.11564 0.580436
-3.12264 0.5682
-3.13897 0.554596
-3.1506 0.541194
-3.15454 0.540248
-3.16368 0.528987
-3.149 0.479003
-3.16565 0.470573
-3.16872 0.45972
-3.17061 0.446539
-3.1671 0.439087
-3.17226 0.415971
-3.1765 0.404159
-3.1834 0.393208
-3.18725 0.379457
-3.18948 0.370719
-3.19186 0.361311
-3.19606 0.348781
-3.19623 0.331894
-3.19855 0.315605
-3.19914 0.295472
-3.20966 0.283834
-3.21004 0.273898
-3.21376 0.253346
-3.21231 0.235042
-3.22299 0.218812
-3.21751 0.208228
-3.21434 0.1961
-3.21081 0.187503
-3.20793 0.176331
-3.20388 0.164034
-3.20761 0.152411
-3.20492 0.136607
-3.19868 0.128453
-3.20162 0.114582
-3.20639 0.0974948
-3.20539 0.0819712
-3.20497 0.0686329
-3.20604 0.0604059
-3.20187 0.0489684
-3.20192 0.0394107
-3.19757 0.00408616
-3.19719 -0.00605478
-3.1984 -0.00813783
-3.1962 -0.019827
-3.19577 -0.0345571
-3.19258 -0.041906
-3.18966 -0.047552
-3.1963 -0.0665968
-3.20598 -0.0805068
-3.20006 -0.097648
-3.19723 -0.103165
-3.19291 -0.115871
-3.193 -0.115823
-3.19188 -0.130328
-3.18884 -0.143533
-3.1871 -0.151157
-3.18535 -0.169641
-3.19125 -0.186795
-3.18872 -0.205585
-3.18956 -0.215247
-3.18308 -0.228759
-3.1862 -0.245548
-3.18186 -0.256758
-3.18051 -0.276566
-3.18019 -0.287349
-3.17973 -0.301456
-3.17905 -0.315512
-3.17486 -0.326121
-3.17149 -0.333034
-3.16833 -0.354544
-3.15936 -0.367048
-3.16162 -0.388128
-3.15952 -0.403583
-3.15552 -0.418831
-3.15068 -0.432961
-3.14637 -0.489279
-3.13751 -0.508953
-3.13558 -0.511988
-3.12816 -0.531504
-3.13009 -0.531033
-3.12014 -0.545239
-3.11148 -0.558544
-3.10267 -0.570123
-3.10031 -0.592244
-3.0997 -0.595186
-3.09883 -0.606346
-3.09725 -0.625233
-3.09784 -0.641559
-3.0902 -0.650143
-3.08879 -0.654952
-3.07805 -0.663125
-3.06683 -0.688293
-3.06616 -0.705444
-3.01419 -0.734053
-3.01122 -0.733314
-3.00011 -0.74212
-2.99619 -0.752496
-2.98909 -0.761479
-2.98404 -0.77269
-2.98419 -0.788949
-2.96754 -0.795252
-2.95883 -0.826168
-2.94306 -0.84319
-2.94554 -0.84564
-2.93461 -0.856802
-2.9258 -0.864114
-2.92261 -0.864506
-2.91924 -0.872086
-2.913 -0.882219
-2.89993 -0.89584
-2.89803 -0.900012
-2.88958 -0.91019
-2.87814 -0.917544
-2.8736 -0.920911
-2.87635 -0.924474
-2.86933 -0.937944
-2.86669 -0.941659
-2.85492 -0.946923
-2.84576 -0.952762
-2.84201 -0.955467
-2.83572 -1.02996
-2.81712 -0.971208
-2.81286 -1.04954
-2.80595 -1.05298
-2.79534 -1.07434
-2.79055 -1.07898
-2.78454 -1.09153
-2.77629 -1.09983
-2.7591 -1.11792
-2.73693 -1.12736
-2.7269 -1.1305
-2.71337 -1.14465
-2.70317 -1.13909
-2.69798 -1.14058
-2.6858 -1.15464
-2.6785 -1.16581
-2.67058 -1.17977
-2.66645 -1.18871
-2.66928 -1.18871
-2.6666 -1.18663
-2.65261 -1.19878
-2.65268 -1.19331
-2.65689 -1.19881
-2.64836 -1.21773
-2.64252 -1.20928
-2.62377 -1.22653
-2.61223 -1.23932
-2.51309 -1.24626
-2.50496 -1.2606
-2.49693 -1.2735
-2.4921 -1.2918
-2.47993 -1.29592
-2.46833 -1.29987
-2.46023 -1.3029
-2.45036 -1.31061
-2.43183 -1.32191
-2.42287 -1.33034
-2.41791 -1.33665
-2.40762 -1.33717
-2.39619 -1.34516
-2.39152 -1.35413
-2.37874 -1.36643
-2.36528 -1.37586
-2.35315 -1.38207
-2.32878 -1.39904
-2.32453 -1.40131
-2.31142 -1.39738
-2.2891 -1.48344
-2.28335 -1.48106
-2.26262 -1.49687
-2.25913 -1.49847
-2.25123 -1.5063
-2.23074 -1.50215
-2.21966 -1.50437
-2.20919 -1.5065
-2.19218 -1.51476
-2.17551 -1.52279
-2.17022 -1.52419
-2.15447 -1.53897
-2.14756 -1.5413
-2.13806 -1.54745
-2.12809 -1.55669
-2.11789 -1.55237
-2.10656 -1.54671
-2.09403 -1.56409
-2.08503 -1.56566
-2.07252 -1.56564
-2.02182 -1.57286
-2.00981 -1.56865
-1.9949 -1.57683
-1.98302 -1.5767
-1.97686 -1.57674
-1.96213 -1.58347
-1.94865 -1.58499
-1.93166 -1.58687
-1.9194 -1.58817
-1.90554 -1.5913
-1.88929 -1.58515
-1.87285 -1.59211
-1.86017 -1.5876
-1.85054 -1.58396
-1.84074 -1.5872
-1.82855 -1.5881
-1.81233 -1.59551
-1.79714 -1.5984
-1.78476 -1.59668
-1.76899 -1.60073
-1.76062 -1.59983
-1.74471 -1.60095
-1.7353 -1.59946
-1.72489 -1.59918
-1.70456 -1.60453
-1.69047 -1.60291
-1.66877 -1.60354
-1.65552 -1.60358
-1.64203 -1.60415
-1.63594 -1.60145
-1.62818 -1.60341
-1.61924 -1.60022
-1.61079 -1.59859
-1.59421 -1.60336
-1.57505 -1.60471
-1.5636 -1.60803
-1.52128 -1.59772
-1.51292 -1.60604
-1.49481 -1.61116
-1.47758 -1.60702
-1.46335 -1.60321
-1.44412 -1.60549
-1.43766 -1.60385
-1.43505 -1.59596
-1.42158 -1.59538
-1.40241 -1.59177
-1.3867 -1.59019
-1.37358 -1.59177
-1.36675 -1.59035
-1.3492 -1.59011
-1.33545 -1.58688
-1.31691 -1.5901
-1.28603 -1.58426
-1.27737 -1.58561
-1.2616 -1.57976
-1.25063 -1.57889
-1.23982 -1.57292
-1.22062 -1.56552
-1.20404 -1.56477
-1.18508 -1.56495
-1.16942 -1.56322
-1.15388 -1.56835
-1.13763 -1.56321
-1.12685 -1.55636
-1.11679 -1.5562
-1.09958 -1.56097
-1.08511 -1.55194
-1.07605 -1.55327
-1.07507 -1.54267
-1.02646 -1.53938
-1.0199 -1.53058
-1.00732 -1.5343
-0.98764 -1.53349
-0.9738 -1.52224
-0.970644 -1.52404
-0.951009 -1.5142
-0.946569 -1.50644
-0.929692 -1.50001
-0.919324 -1.43662
-0.9105 -1.42642
-0.901482 -1.42257
-0.890276 -1.40618
-0.869404 -1.40083
-0.846015 -1.39448
-0.836419 -1.38498
-0.828205 -1.37899
-0.815059 -1.37685
-0.804604 -1.37111
-0.789407 -1.36448
-0.773042 -1.35447
-0.750387 -1.34711
-0.740047 -1.33517
-0.728508 -1.33522
-0.718437 -1.33269
-0.700298 -1.32962
-0.673571 -1.31592
-0.665207 -1.30811
-0.659383 -1.29679
-0.646822 -1.28179
-0.632722 -1.26537
-0.625616 -1.26884
-0.621691 -1.25793
-0.612119 -1.25402
-0.60431 -1.24121
-0.599204 -1.22714
-0.541261 -1.2279
-0.530057 -1.22355
-0.559145 -1.2131
-0.525292 -1.20238
-0.507582 -1.19434
-0.499146 -1.18495
-0.486388 -1.1804
-0.467413 -1.172
-0.45597 -1.15732
-0.444098 -1.14467
-0.425023 -1.14151
-0.419638 -1.13129
-0.395264 -1.108
-0.376918 -1.10413
-0.369318 -1.09391
-0.36278 -1.08099
-0.352349 -1.07714
-0.340211 -1.08549
-0.32818 -1.0791
-0.310209 -1.06932
-0.298121 -1.06593
-0.283957 -1.06186
-0.269078 -1.04446
-0.266231 -1.03932
-0.257601 -1.02297
-0.232006 -1.01797
-0.224229 -1.011
-0.225849 -1.00141
-0.210975 -0.94451
-0.202743 -0.930864
-0.186534 -0.92233
-0.176318 -0.90911
-0.155626 -0.887301
-0.14904 -0.877472
-0.130547 -0.863583
-0.1215 -0.853046
-0.122046 -0.844921
-0.108718 -0.824856
-0.0978707 -0.813529
-0.0950686 -0.804772
-0.0895313 -0.795935
-0.0436925 -0.769762
-0.0371979 -0.763079
-0.0614691 -0.736188
-0.0165447 -0.732002
-0.00583384 -0.720304
-0.00103364 -0.704033
0.0109768 -0.70595
0.0141389 -0.698936
0.0227537 -0.694723
0.0315237 -0.680006
0.0349366 -0.667037
0.037599 -0.655159
0.0466292 -0.640045
0.0608804 -0.615545
0.0665817 -0.607454
0.0685297 -0.593243
0.0789135 -0.578263
0.0804632 -0.568057
0.0802702 -0.558662
0.100147 -0.545878
0.109945 -0.52884
0.100026 -0.447288
0.0970253 -0.437709
0.108962 -0.422489
0.114856 -0.414696
0.123198 -0.405377
0.120099 -0.393871
0.136385 -0.372848
0.132524 -0.363106
0.135413 -0.351512
0.143036 -0.344592
0.150197 -0.333112
0.155153 -0.314548
0.154178 -0.299988
0.167607 -0.279994
0.167896 -0.270955
0.171747 -0.25855
0.170635 -0.252036
0.17599 -0.248945
0.17369 -0.220055
0.17637 -0.201292
0.183683 -0.186984
0.192033 -0.183923
0.185253 -0.169387
0.199519 -0.152988
0.203115 -0.147229
0.207017 -0.142604
0.215537 -0.143348
0.220915 -0.122586
0.223222 -0.10416
0.22758 -0.0885994
0.226203 -0.0696343
0.229579 -0.0572283
0.211831 0.0503691
0.203437 0.0549695
0.208373 0.0647046
0.210109 0.0752534
0.21298 0.0850827
0.216505 0.1001
0.223423 0.110434
0.23097 0.125783
0.227137 0.135595
0.228732 0.149067
0.228332 0.160474
0.228313 0.177374
0.239901 0.189949
0.239622 0.198124
0.24557 0.205811
0.239796 0.217696
0.243793 0.235566
0.246253 0.241344
0.242862 0.253663
0.252649 0.271265
0.248199 0.262396
0.254151 0.278908
0.25889 0.293386
0.276855 0.310088
0.462073 0.298669
0.441103 0.314141
0.310464 0.351221
0.31936 0.363462
0.311973 0.387731
0.318629 0.40375
0.320205 0.423494
0.319524 0.430853
0.31655 0.447473
0.313459 0.4578
0.309542 0.469809
0.310427 0.475396
0.30673 0.48608
0.305882 0.496858
0.305726 0.502574
0.304269 0.50825
0.30518 0.527895
0.287167 0.554801
0.294708 0.568781
0.291874 0.578828
0.292929 0.590668
0.284837 0.60735
0.289575 0.615742
0.291735 0.624833
0.285734 0.64217
0.285228 0.654567
0.281142 0.662786
0.274431 0.675335
0.274192 0.686778
0.262189 0.705174
0.253736 0.716747
0.248237 0.731503
0.240098 0.740692
0.237049 0.748972
0.233305 0.761643
0.223231 0.779064
0.219523 0.7887
0.209869 0.804392
0.204833 0.811731
0.197667 0.825137
0.184783 0.838721
0.173161 0.864201
0.170437 0.876027
0.159437 0.883841
0.158483 0.899448
0.156279 0.910984
0.155783 0.9135
0.142809 0.925223
0.13557 0.93377
0.127428 0.945776
0.118959 0.960997
0.113674 0.966601
0.0954145 0.988576
0.08455 0.9981
0.0767333 1.02133
0.0626978 1.03009
0.0535478 1.04447
0.0494171 1.0475
0.0449768 1.05758
0.0433054 1.07012
0.0305975 1.07927
0.0158243 1.09515
0.00610053 1.11054
-0.00822647 1.12017
-0.00715358 1.12693
-0.0168872 1.13661
-0.0698818 1.16203
-0.0730981 1.1738
-0.0792683 1.18006
-0.0883582 1.19498
-0.10371 1.20672
-0.109032 1.21745
-0.122043 1.2278
-0.126514 1.23365
-0.131518 1.23842
-0.140562 1.24973
-0.154559 1.2597
-0.165898 1.26545
-0.174922 1.27054
-0.184216 1.2781
-0.201332 1.28557
-0.213588 1.29032
-0.23526 1.3009
-0.241649 1.30721
-0.256531 1.31573
-0.271363 1.31844
-0.281716 1.33321
-0.290586 1.3414
-0.315408 1.34501
-0.320378 1.35765
-0.331474 1.36437
-0.341237 1.36717
-0.351834 1.37457
-0.368564 1.38521
-0.378266 1.38539
-0.386073 1.39277
-0.393222 1.3933
-0.409137 1.40582
-0.415708 1.40729
-0.424404 1.41449
-0.436995 1.41765
-0.448312 1.42544
-0.460578 1.42874
-0.473683 1.43287
-0.488401 1.44326
-0.499701 1.44834
-0.511821 1.4511
-0.527114 1.46413
-0.562206 1.47403
-0.572406 1.48391
-0.582704 1.48843
-0.595319 1.49207
-0.62137 1.50101
-0.620167 1.5046
-0.633345 1.52928
-0.646388 1.54387
-0.657862 1.54742
