0.761451 0.0382311
0.773799 0.0472887
0.773139 0.0639183
0.78307 0.0930683
0.791194 0.101077
0.779401 0.116808
0.789724 0.141818
0.781971 0.160448
0.789713 0.177179
0.799465 0.182798
0.784573 0.190694
0.784966 0.204588
0.783504 0.208197
0.778451 0.208585
0.774377 0.213073
0.768415 0.217833
0.767095 0.218871
0.768799 0.218229
0.755709 0.21583
0.745123 0.224825
0.742197 0.228215
0.740206 0.231019
0.732656 0.238817
0.728083 0.235642
0.724552 0.237711
0.724146 0.241808
0.72351 0.248405
0.722328 0.247567
0.724987 0.246899
0.725805 0.244065
0.723017 0.240482
0.721398 0.241377
0.720538 0.242342
0.71213 0.24093
0.707554 0.241632
0.713609 0.254099
0.716393 0.259151
0.711661 0.257979
0.709909 0.260435
0.709703 0.26209
0.704763 0.265895
0.702074 0.268727
0.700372 0.277355
0.695583 0.278626
0.69218 0.274078
0.684359 0.28134
0.683234 0.277067
0.675893 0.27559
0.669077 0.27398
0.661233 0.272374
0.651521 0.274528
0.651805 0.276409
0.648424 0.277659
0.649025 0.280559
0.639678 0.28473
0.630761 0.290275
0.630833 0.296147
0.629922 0.301138
0.625966 0.302796
0.608986 0.302444
0.600572 0.303305
0.595887 0.305379
0.594992 0.311158
0.58459 0.313141
0.583473 0.315901
0.577866 0.318828
0.568082 0.320168
0.56516 0.320887
0.561532 0.325597
0.558338 0.328062
0.549365 0.33035
0.545428 0.330443
0.540794 0.32759
0.529298 0.32793
0.535495 0.329552
0.531739 0.330138
0.529166 0.327133
0.53046 0.330286
0.523871 0.323433
0.521118 0.322385
0.515144 0.320526
0.512499 0.322033
0.511285 0.324819
0.511876 0.327279
0.508979 0.329079
0.510339 0.329804
0.50587 0.330689
0.50923 0.332441
0.505274 0.339325
0.511327 0.342944
0.507854 0.344015
0.507455 0.345162
0.500949 0.354336
0.501269 0.362501
0.495837 0.365639
0.498779 0.367281
0.488861 0.370447
0.495696 0.373174
0.495012 0.374068
0.497635 0.373439
0.50777 0.37889
0.497969 0.381547
0.503944 0.378602
0.502903 0.376653
0.498925 0.377585
0.499756 0.382168
0.497823 0.386598
0.503964 0.384633
0.502909 0.383709
0.497348 0.390963
0.497703 0.389145
0.496834 0.388985
0.493549 0.38681
0.49697 0.388643
0.49875 0.394636
0.504822 0.3953
0.503778 0.393393
0.502418 0.399821
0.499946 0.39854
0.497197 0.401824
0.493598 0.399492
0.486547 0.408045
0.487874 0.410395
0.485004 0.406522
0.486198 0.408054
0.494384 0.415521
0.486683 0.417952
0.486113 0.418844
0.482757 0.425609
0.481419 0.425961
0.474468 0.424594
0.472383 0.422734
0.480314 0.422145
0.48065 0.421425
0.479948 0.421198
0.466767 0.426367
0.465007 0.428168
0.456667 0.429792
0.454181 0.433036
0.453487 0.436912
0.441313 0.439157
0.437633 0.440362
0.432917 0.439475
0.430044 0.442306
0.429155 0.443931
0.431246 0.443755
0.429025 0.449414
0.422132 0.458246
0.422148 0.452314
0.423675 0.453269
0.420037 0.451203
0.420258 0.462376
0.416958 0.465996
0.421847 0.467544
0.426456 0.466343
0.426138 0.464893
0.425978 0.465972
0.425104 0.46931
0.422559 0.478332
0.422553 0.474279
0.416986 0.475299
0.416722 0.484432
0.416878 0.483647
0.413942 0.482982
0.413695 0.484532
0.41355 0.488417
0.408977 0.495246
0.405921 0.493065
0.409915 0.498067
0.400969 0.497038
0.411312 0.497834
0.403274 0.502228
0.410029 0.504206
0.405938 0.507515
0.397845 0.534229
0.401822 0.515387
0.39858 0.518176
0.395217 0.54663
0.39643 0.547789
0.395043 0.546903
0.389472 0.551774
0.387193 0.566873
0.37418 0.570889
0.372881 0.576411
0.366318 0.591295
0.359002 0.601188
0.35264 0.602411
0.348576 0.617265
0.340292 0.629084
0.333242 0.636726
0.326593 0.641332
0.319237 0.658586
0.312168 0.66957
0.299077 0.685965
0.291506 0.697156
0.280103 0.701759
0.276759 0.706192
0.275783 0.715827
0.276529 0.719188
0.271852 0.724904
0.269282 0.728279
0.26245 0.737376
0.257754 0.742159
0.254471 0.76183
0.235726 0.77103
0.238281 0.777187
0.228854 0.782689
0.224142 0.787002
0.215582 0.802019
0.209714 0.813635
0.193046 0.839583
0.189083 0.852455
0.174243 0.865248
0.161184 0.873689
0.145969 0.889123
0.135364 0.896046
0.130908 0.90143
0.116636 0.915486
0.105015 0.931324
0.0836075 0.942898
0.0656804 0.952079
0.0459173 0.976181
0.0305405 0.983165
0.0270394 1.02212
0.0117133 1.03391
0.00312427 1.03564
-0.0108705 1.04264
-0.0218941 1.06638
-0.0333344 1.07709
-0.0400523 1.08087
-0.085526 1.09609
-0.102837 1.10306
-0.116716 1.10551
-0.126126 1.1182
-0.139876 1.12699
-0.173964 1.14396
-0.190677 1.14704
-0.212808 1.15909
-0.235588 1.17696
-0.271272 1.18859
-0.284055 1.19059
-0.312023 1.21144
-0.330932 1.2304
-0.34135 1.23252
-0.353852 1.2427
-0.372009 1.24848
-0.398953 1.24593
-0.411889 1.25906
-0.435361 1.27068
-0.450006 1.27624
-0.469546 1.28477
-0.486791 1.29828
-0.504905 1.31381
-0.552099 1.32298
-0.568744 1.33453
-0.582644 1.33465
-0.585869 1.34275
-0.602494 1.35095
-0.622848 1.3594
-0.630765 1.35997
-0.642275 1.36807
-0.65136 1.37251
-0.655092 1.37556
-0.685096 1.38149
-0.702664 1.38522
-0.722452 1.39611
-0.7373 1.39965
-0.754934 1.40412
-0.777462 1.40526
-0.787191 1.41444
-0.806816 1.41326
-0.822927 1.41986
-0.837741 1.42872
-0.850455 1.43799
-0.869904 1.44198
-0.882924 1.45395
-0.899272 1.45973
-0.917119 1.46367
-0.927585 1.46593
-0.94304 1.46632
-0.963789 1.46758
-0.975355 1.46958
-0.986555 1.46991
-1.00038 1.47056
-1.01019 1.47279
-1.02198 1.47165
-1.03099 1.47179
-1.0663 1.47188
-1.07513 1.47667
-1.09303 1.47742
-1.10099 1.47177
-1.1166 1.47418
-1.12575 1.47534
-1.13684 1.47373
-1.15069 1.47567
-1.16587 1.48121
-1.18498 1.48201
-1.19754 1.48529
-1.20618 1.49033
-1.22593 1.48994
-1.24249 1.48594
-1.25427 1.48399
-1.26535 1.48607
-1.2789 1.48927
-1.28863 1.48623
-1.31378 1.48836
-1.32573 1.48877
-1.34043 1.49033
-1.35669 1.49351
-1.37752 1.4968
-1.39377 1.50122
-1.40324 1.49549
-1.41754 1.49272
-1.42656 1.48727
-1.43893 1.48994
-1.45506 1.48796
-1.4662 1.48394
-1.48631 1.47936
-1.49864 1.48181
-1.51178 1.47901
-1.52851 1.47668
-1.56246 1.4792
-1.57334 1.47866
-1.58362 1.47799
-1.59938 1.47647
-1.60735 1.46594
-1.62152 1.46462
-1.63181 1.46951
-1.64488 1.46612
-1.65851 1.45833
-1.67081 1.45599
-1.70019 1.45505
-1.71468 1.44859
-1.72351 1.44675
-1.7399 1.4391
-1.74883 1.43599
-1.77599 1.43929
-1.79038 1.43552
-1.80085 1.42962
-1.8276 1.42563
-1.84674 1.42186
-1.86629 1.41942
-1.87521 1.41502
-1.89736 1.41872
-1.91009 1.40928
-1.92223 1.40477
-1.93357 1.39875
-1.94866 1.39383
-1.95985 1.38536
-1.97152 1.38045
-1.9877 1.36885
-2.00472 1.37152
-2.02026 1.37346
-2.0413 1.36955
-2.04514 1.35757
-2.0506 1.35043
-2.07115 1.3414
-2.08349 1.33475
-2.09256 1.32491
-2.10015 1.31712
-2.1099 1.30923
-2.12073 1.30505
-2.13777 1.29916
-2.14892 1.29732
-2.15685 1.28505
-2.16885 1.28042
-2.17641 1.27429
-2.18702 1.27655
-2.19652 1.2701
-2.2075 1.25919
-2.2289 1.2564
-2.25322 1.25862
-2.26235 1.25067
-2.28873 1.24899
-2.30353 1.24385
-2.31954 1.24379
-2.32892 1.23566
-2.33769 1.23375
-2.3485 1.22132
-2.36033 1.21611
-2.37628 1.2017
-2.39234 1.20032
-2.40624 1.19285
-2.41428 1.18281
-2.42806 1.17205
-2.4369 1.16252
-2.44693 1.15432
-2.46005 1.14738
-2.4664 1.1395
-2.48141 1.14218
-2.49849 1.1362
-2.5172 1.11945
-2.5352 1.11538
-2.54864 1.10602
-2.55421 1.10504
-2.56764 1.09618
-2.57219 1.08505
-2.59263 1.09057
-2.60434 1.08235
-2.60583 1.00268
-2.61985 0.991953
-2.63694 0.990375
-2.65198 0.982077
-2.66326 0.982377
-2.67831 0.975746
-2.68669 0.978879
-2.69433 0.978095
-2.70252 0.973319
-2.72022 0.971804
-2.73385 0.973583
-2.74121 0.96767
-2.75525 0.959079
-2.77566 0.999977
-2.77407 0.943419
-2.78666 0.944101
-2.79364 0.935028
-2.80226 0.928094
-2.81733 0.925579
-2.82559 0.91161
-2.8376 0.902806
-2.84644 0.895232
-2.85838 0.88278
-2.86852 0.871617
-2.87885 0.856278
-2.88717 0.84936
-2.89822 0.834385
-2.90136 0.826523
-2.90616 0.81536
-2.91343 0.803208
-2.91457 0.790164
-2.92757 0.782025
-2.93823 0.779527
-2.94433 0.768536
-2.94857 0.759048
-2.95696 0.740417
-2.96451 0.72484
-2.96675 0.71169
-2.98547 0.702686
-2.99853 0.694035
-3.00394 0.685539
-3.0029 0.668881
-3.00813 0.661212
-3.00708 0.654016
-3.02627 0.637765
-3.02993 0.626063
-3.03364 0.617086
-3.03495 0.605666
-3.04426 0.597936
-3.04825 0.583101
-3.06284 0.578749
-3.06788 0.558409
-3.07663 0.550484
-3.07516 0.495204
-3.08068 0.48603
-3.08314 0.476493
-3.08559 0.461482
-3.09764 0.441772
-3.10029 0.43348
-3.10441 0.412572
-3.10571 0.399738
-3.11275 0.392982
-3.11762 0.376174
-3.11442 0.361853
-3.11694 0.350299
-3.12183 0.333896
-3.12693 0.313846
-3.13272 0.297048
-3.12822 0.28449
-3.12676 0.267813
-3.12475 0.254463
-3.13085 0.239899
-3.1374 0.223311
-3.13473 0.207615
-3.13323 0.194719
-3.13889 0.181679
-3.14611 0.165873
-3.1503 0.145918
-3.14735 0.13354
-3.15301 0.121111
-3.15577 0.0972992
-3.15788 0.0819285
-3.15012 0.070973
-3.15112 0.0558001
-3.15634 0.0519914
-3.15176 0.0349415
-3.14644 0.0370832
-3.14849 -0.0201387
-3.14397 -0.0373806
-3.13775 -0.054063
-3.13653 -0.0627655
-3.13499 -0.0755848
-3.13795 -0.0925033
-3.14548 -0.105763
-3.14129 -0.124709
-3.14326 -0.145143
-3.14249 -0.166139
-3.14398 -0.181199
-3.14346 -0.195993
-3.14368 -0.219987
-3.14275 -0.228477
-3.13981 -0.248178
-3.13323 -0.258911
-3.1332 -0.276608
-3.12863 -0.299635
-3.12197 -0.313314
-3.12234 -0.326298
-3.11682 -0.338562
-3.11159 -0.356136
-3.10841 -0.373738
-3.10914 -0.384738
-3.10394 -0.397938
-3.10294 -0.400549
-3.09673 -0.426439
-3.0978 -0.429222
-3.08254 -0.500885
-3.08335 -0.508263
-3.08787 -0.528548
-3.08114 -0.53568
-3.07303 -0.55235
-3.07465 -0.565074
-3.07842 -0.578965
-3.07452 -0.588093
-3.06928 -0.596581
-3.06511 -0.610254
-3.06022 -0.628067
-3.05718 -0.637915
-3.04642 -0.643919
-3.04586 -0.651277
-3.0386 -0.665269
-3.03709 -0.676885
-3.00201 -0.693971
-3.02145 -0.708654
-2.98944 -0.725357
-2.9725 -0.737963
-2.96174 -0.753516
-2.95403 -0.774252
-2.95128 -0.779977
-2.94456 -0.788371
-2.93327 -0.803905
-2.92244 -0.820794
-2.9135 -0.832727
-2.9068 -0.843481
-2.90341 -0.854283
-2.8947 -0.863075
-2.88889 -0.875725
-2.87874 -0.887251
-2.86534 -0.903775
-2.85841 -0.913273
-2.85216 -0.914182
-2.84889 -0.921945
-2.84017 -0.930474
-2.83142 -0.93702
-2.83162 -0.936332
-2.81842 -0.95832
-2.8262 -0.959211
-2.81948 -0.969636
-2.81361 -0.976827
-2.78873 -1.04646
-2.78859 -1.06149
-2.78193 -1.06663
-2.77442 -1.07726
-2.75825 -1.08167
-2.74378 -1.09127
-2.74017 -1.09699
-2.72815 -1.10167
-2.71 -1.11088
-2.70904 -1.11912
-2.71327 -1.13893
-2.70419 -1.14648
-2.70621 -1.16355
-2.69656 -1.16188
-2.68893 -1.17106
-2.68396 -1.17757
-2.68122 -1.18549
-2.66911 -1.19142
-2.66049 -1.19893
-2.65271 -1.20752
-2.65197 -1.19965
-2.63566 -1.2104
-2.62367 -1.21023
-2.61532 -1.21494
-2.60681 -1.22575
-2.54653 -1.23728
-2.59355 -1.23055
-2.59371 -1.24746
-2.59343 -1.24156
-2.59294 -1.24969
-2.52197 -1.2642
-2.51454 -1.27056
-2.50353 -1.28551
-2.49493 -1.286
-2.48303 -1.28966
-2.46881 -1.28952
-2.45231 -1.29439
-2.44104 -1.3021
-2.43119 -1.30383
-2.42377 -1.31128
-2.40707 -1.32157
-2.39225 -1.34223
-2.39287 -1.34356
-2.37955 -1.33569
-2.36603 -1.33086
-2.35488 -1.343
-2.34268 -1.34951
-2.331 -1.34442
-2.31129 -1.34585
-2.30817 -1.35015
-2.29249 -1.34518
-2.28139 -1.35751
-2.26782 -1.35857
-2.26125 -1.36279
-2.24476 -1.38146
-2.23222 -1.37334
-2.21873 -1.39278
-2.1985 -1.4048
-2.16169 -1.41187
-2.15952 -1.41761
-2.15582 -1.42747
-2.12638 -1.43429
-2.11432 -1.43544
-2.09782 -1.43517
-2.08994 -1.44209
-2.0806 -1.4552
-2.00956 -1.54094
-1.98269 -1.47063
-1.98438 -1.53933
-1.97275 -1.53749
-1.9566 -1.53356
-1.94338 -1.53708
-1.93469 -1.54212
-1.91623 -1.54746
-1.90297 -1.54251
-1.89061 -1.53901
-1.8745 -1.54676
-1.85581 -1.54634
-1.84614 -1.54454
-1.83751 -1.54773
-1.83183 -1.54549
-1.8132 -1.5447
-1.80156 -1.54493
-1.78896 -1.54565
-1.77568 -1.53879
-1.75345 -1.54335
-1.72531 -1.48677
-1.7284 -1.54324
-1.71256 -1.54712
-1.68717 -1.54042
-1.67418 -1.54575
-1.64165 -1.48814
-1.6563 -1.54558
-1.63594 -1.54866
-1.61755 -1.55702
-1.60356 -1.55191
-1.59632 -1.5511
-1.5911 -1.54705
-1.52028 -1.5413
-1.50815 -1.54441
-1.49172 -1.54628
-1.48561 -1.54591
-1.47061 -1.54402
-1.4608 -1.54213
-1.44086 -1.54441
-1.43287 -1.54811
-1.3956 -1.55343
-1.38525 -1.55035
-1.36305 -1.54231
-1.35197 -1.53945
-1.33228 -1.53731
-1.3258 -1.53446
-1.30997 -1.52853
-1.30087 -1.52359
-1.29147 -1.52656
-1.27904 -1.52689
-1.2684 -1.51623
-1.24457 -1.51182
-1.22765 -1.50926
-1.20069 -1.4815
-1.17921 -1.50659
-1.1628 -1.50263
-1.1524 -1.50282
-1.1355 -1.47453
-1.11154 -1.46988
-1.10262 -1.47119
-1.08445 -1.47032
-1.02752 -1.45559
-1.0216 -1.45125
-1.00471 -1.45146
-0.983564 -1.44147
-0.975356 -1.43612
-0.957396 -1.43754
-0.940287 -1.43256
-0.924999 -1.42334
-0.916332 -1.40857
-0.909143 -1.40903
-0.896606 -1.40154
-0.880545 -1.40079
-0.864537 -1.39883
-0.857516 -1.39601
-0.839504 -1.38759
-0.817379 -1.38315
-0.807543 -1.3758
-0.796238 -1.3804
-0.788119 -1.3641
-0.769078 -1.35376
-0.755761 -1.34037
-0.735334 -1.33147
-0.726425 -1.31796
-0.713607 -1.31159
-0.708688 -1.30379
-0.690034 -1.29387
-0.665511 -1.28991
-0.644407 -1.28475
-0.630524 -1.27489
-0.616791 -1.2707
-0.60603 -1.26234
-0.593301 -1.252
-0.58528 -1.25184
-0.529118 -1.23786
-0.563729 -1.23643
-0.512571 -1.22145
-0.508769 -1.22337
-0.491533 -1.21037
-0.47384 -1.2011
-0.462307 -1.18845
-0.453919 -1.17999
-0.443123 -1.17555
-0.424891 -1.16627
-0.414151 -1.15578
-0.389664 -1.1433
-0.370907 -1.12629
-0.363468 -1.11648
-0.347611 -1.10806
-0.325416 -1.10586
-0.31124 -1.08616
-0.307339 -1.07642
-0.297259 -1.0689
-0.283047 -1.0617
-0.279443 -1.04974
-0.27005 -1.04204
-0.260201 -1.02872
-0.237374 -1.02088
-0.216544 -0.958752
-0.194953 -0.951701
-0.178869 -0.94067
-0.173204 -0.931674
-0.155568 -0.924014
-0.143049 -0.91695
-0.130652 -0.902376
-0.121556 -0.897493
-0.107928 -0.881727
-0.0954315 -0.864416
-0.0899364 -0.856557
-0.0846198 -0.841931
-0.0461065 -0.816869
-0.0384705 -0.800707
-0.0291064 -0.793568
-0.0230285 -0.77953
-0.0178818 -0.759908
-0.0108885 -0.749989
-0.0577244 -0.73987
0.0173775 -0.727247
-0.0445486 -0.713552
0.0328541 -0.709062
0.0416741 -0.684635
0.0552991 -0.670627
0.0716931 -0.658749
0.0727086 -0.652812
0.0830058 -0.633522
0.0922199 -0.618825
0.101372 -0.597568
0.106909 -0.589841
0.116471 -0.572114
0.127768 -0.556554
0.132433 -0.544205
0.152628 -0.535565
0.163788 -0.525004
0.154846 -0.447592
0.162051 -0.435931
0.169075 -0.423348
0.178566 -0.413187
0.185067 -0.408367
0.188335 -0.394654
0.189684 -0.382349
0.189679 -0.367817
0.196141 -0.354311
0.200371 -0.326476
0.201025 -0.316047
0.207346 -0.307563
0.213029 -0.292047
0.21634 -0.275936
0.217326 -0.263229
0.217075 -0.245582
0.220562 -0.22741
0.226374 -0.218596
0.232667 -0.195281
0.23741 -0.172946
0.247841 -0.147073
0.24779 -0.130801
0.254121 -0.119462
0.270114 -0.115159
0.273603 -0.101424
0.277908 -0.0951638
0.283921 -0.0758769
0.28371 -0.0621155
0.28394 -0.0441421
0.287912 -0.0264284
0.280499 0.0278377
0.274815 0.0475045
0.277643 0.0642571
0.275195 0.070288
0.288888 0.0708763
0.291667 0.0811719
0.282784 0.0923694
0.290092 0.100958
0.290771 0.123796
0.282923 0.143107
0.287464 0.158749
0.292587 0.180249
0.286768 0.192529
0.286499 0.207132
0.289427 0.218223
0.282586 0.232203
0.278787 0.246836
0.281526 0.257055
0.274977 0.274099
0.277256 0.277918
0.273966 0.29022
0.269685 0.30819
0.265498 0.327702
0.269631 0.338364
0.268557 0.349572
0.266818 0.366359
0.26367 0.381855
0.261293 0.397684
0.254743 0.408548
0.253961 0.418959
0.254595 0.429744
0.247716 0.434784
0.238718 0.458972
0.239064 0.47225
0.240132 0.484733
0.230383 0.496182
0.222604 0.511906
0.226519 0.565789
0.213201 0.59224
0.20735 0.611746
0.206558 0.623447
0.21165 0.633568
0.208429 0.645867
0.204021 0.660716
0.194272 0.676461
0.187666 0.683742
0.184793 0.692151
0.181259 0.707648
0.181774 0.723316
0.174964 0.743434
0.167817 0.756336
0.166102 0.771032
0.158745 0.788112
0.145715 0.806928
0.140528 0.824014
0.143034 0.838364
0.135752 0.846884
0.129892 0.860115
0.122902 0.875498
0.116131 0.884111
0.109972 0.896302
0.0990609 0.9105
0.0921686 0.931811
0.084227 0.95067
0.0774692 0.960203
0.0711068 0.976445
0.0639631 1.01196
0.0523234 1.02796
0.0446228 1.03602
0.0357415 1.04198
0.0237133 1.04513
0.0184429 1.05855
0.0154087 1.07172
0.00625818 1.08392
-0.00710508 1.10113
-0.0199416 1.11345
-0.0251717 1.12384
-0.0341126 1.13109
-0.0331178 1.1408
-0.0439376 1.15906
-0.0803811 1.16921
-0.093127 1.18421
-0.104353 1.1915
-0.114917 1.20397
-0.124543 1.2096
-0.135979 1.22297
-0.141989 1.23188
-0.154609 1.24333
-0.164219 1.25307
-0.173401 1.26238
-0.19317 1.27892
-0.194583 1.29117
-0.203976 1.30671
-0.222863 1.3203
-0.231345 1.33791
-0.242874 1.34366
-0.245078 1.3514
-0.256825 1.35766
-0.267906 1.36786
-0.275385 1.37364
-0.284591 1.3835
-0.288993 1.38995
-0.300405 1.39314
-0.31114 1.39963
-0.317002 1.40926
-0.339638 1.42262
-0.347412 1.43423
-0.352721 1.4491
-0.364161 1.45495
-0.371521 1.46371
-0.378753 1.46362
-0.389278 1.46591
-0.394271 1.47045
-0.407958 1.4751
-0.417354 1.48272
-0.427904 1.48852
-0.436206 1.49334
-0.447635 1.52891
-0.455934 1.53437
-0.468455 1.54225
-0.479075 1.5481
-0.486726 1.55174
-0.493046 1.55878
-0.502299 1.56502
-0.505702 1.57082
-0.516528 1.57448
-0.524235 1.57845
-0.53312 1.57425
-0.559494 1.59157
-0.585172 1.60006
-0.591007 1.60153
-0.596747 1.60636
-0.603275 1.60769
-0.600441 1.608
-0.608817 1.61377
-0.609747 1.61418
-0.616735 1.61609
-0.62381 1.62134
-0.627808 1.62765
-0.633191 1.63507
-0.639849 1.6357
-0.63537 1.6346
-0.63721 1.63439
-0.643285 1.6354
-0.643719 1.63933
-0.643765 1.64498
-0.654509 1.64698
-0.659323 1.64819
-0.663209 1.6436
-0.670899 1.64158
-0.676059 1.64611
-0.673427 1.64096
-0.671267 1.64457
-0.668591 1.64536
-0.670987 1.64708
-0.674953 1.65311
-0.678334 1.65501
-0.682105 1.65986
-0.684557 1.6618
-0.690857 1.66535
-0.696626 1.65689
-0.691193 1.65084
-0.691758 1.65056
-0.692827 1.64935
-0.687008 1.65141
-0.693376 1.65273
-0.693986 1.64824
-0.697134 1.64342
-0.699408 1.6443
-0.704695 1.64339
-0.712242 1.64621
-0.709775 1.64868
-0.713535 1.64903
-0.713881 1.65162
-0.719538 1.65475
-0.720196 1.65464
-0.728227 1.65696
-0.73242 1.66017
-0.736105 1.66395
-0.740733 1.66875
-0.747895 1.66891
-0.749567 1.67223
-0.750435 1.67268
-0.751743 1.67196
-0.755727 1.67007
-0.761674 1.66564
-0.764373 1.66285
-0.764889 1.6597
-0.765806 1.66242
-0.770036 1.66699
-0.774262 1.66539
-0.782646 1.66776
-0.774437 1.67017
-0.770894 1.67491
-0.772612 1.67323
-0.775238 1.67782
-0.783603 1.67554
-0.790249 1.6771
-0.79942 1.67613
-0.809053 1.68169
-0.813897 1.68998
-0.822302 1.69118
-0.832081 1.69317
-0.837587 1.69527
-0.843584 1.69509
-0.851981 1.69205
-0.85496 1.69186
-0.860009 1.69231
-0.861674 1.69475
-0.866231 1.6934
-0.871941 1.69348
-0.878262 1.69625
-0.88399 1.69849
-0.888699 1.70124
-0.899657 1.7027
-0.899516 1.70417
-0.901666 1.70753
-0.907141 1.70731
-0.911108 1.70992
-0.916607 1.70837
-0.913851 1.71425
-0.919974 1.71258
-0.922663 1.71318
-0.924195 1.71742
-0.93223 1.71858
-0.934385 1.72011
-0.939578 1.72121
-0.934094 1.72103
-0.935782 1.72338
-0.939722 1.719
-0.94392 1.71757
-0.941486 1.71769
-0.949722 1.71905
-0.951595 1.72057
-0.952899 1.71712
-0.958986 1.71614
-0.971813 1.70871
-0.97175 1.70668
-0.974639 1.70992
-0.976445 1.69907
-0.978617 1.70094
-0.982774 1.70047
-0.985743 1.7033
-0.989785 1.70424
-0.997291 1.70641
-0.997708 1.70828
-1.00196 1.70955
-1.00646 1.71261
-1.01259 1.7152
-1.01654 1.7147
-1.01694 1.71304
-1.01906 1.70784
-1.01937 1.71006
-1.0253 1.71186
-1.03216 1.71475
-1.03883 1.71588
-1.03458 1.71062
-1.04209 1.71096
-1.04012 1.70976
-1.05314 1.71567
-1.05392 1.71641
-1.04904 1.71604
-1.05892 1.70578
-1.05926 1.70941
-1.06916 1.711
-1.06702 1.70764
-1.10323 1.70923
-1.10984 1.7076
-1.11013 1.70478
-1.12429 1.70793
-1.11934 1.70565
-1.1284 1.7111
-1.13303 1.70457
-1.13438 1.70592
-1.13999 1.70504
-1.13824 1.69579
-1.14343 1.69799
-1.14983 1.69453
-1.15323 1.69309
-1.15693 1.68892
-1.16394 1.68839
-1.16388 1.68988
-1.16618 1.69259
-1.17615 1.69613
-1.18023 1.69725
-1.1885 1.69925
-1.19542 1.70097
-1.20147 1.70194
-1.20711 1.69876
-1.21055 1.70062
-1.21418 1.70298
-1.22185 1.70306
-1.22609 1.70195
-1.22996 1.70216
-1.23384 1.7019
-1.23682 1.70089
-1.24346 1.70023
-1.24812 1.70509
-1.25421 1.70467
-1.26257 1.70863
-1.26364 1.70646
-1.26877 1.70757
-1.27211 1.7137
-1.27437 1.71546
-1.27931 1.71216
-1.28878 1.71295
-1.29451 1.71306
-1.2995 1.71076
-1.30653 1.70342
-1.31601 1.70534
-1.32356 1.70653
-1.32905 1.70618
-1.33071 1.71411
-1.33867 1.71378
-1.34248 1.71452
-1.34941 1.71095
-1.34961 1.71071
-1.35863 1.71121
-1.36735 1.71235
-1.37541 1.70891
-1.37532 1.70859
-1.37942 1.70759
-1.37951 1.70778
-1.39059 1.70643
-1.39828 1.70545
-1.40829 1.7002
-1.41092 1.70714
-1.41861 1.70224
-1.42929 1.69573
-1.43143 1.69368
-1.43881 1.70253
-1.44295 1.70136
-1.44691 1.70262
-1.4559 1.7118
-1.45572 1.70721
-1.45909 1.70823
-1.46722 1.70496
-1.47138 1.70486
-1.47821 1.70545
-1.47709 1.70755
-1.48234 1.70848
-1.48914 1.7081
-1.49403 1.70335
-1.51025 1.7112
-1.51187 1.71113
-1.52096 1.70774
-1.52773 1.71815
-1.53248 1.72362
-1.53409 1.71805
-1.53818 1.71612
-1.53959 1.72859
-1.54735 1.72801
-1.55319 1.72482
-1.55565 1.72102
-1.562 1.72785
-1.59347 1.72203
-1.59638 1.72402
-1.60176 1.72525
-1.60978 1.72161
-1.61022 1.72375
-1.61542 1.722
-1.61961 1.72228
-1.62406 1.72586
-1.62518 1.73844
-1.63401 1.74091
-1.63682 1.74082
-1.64513 1.73997
-1.65479 1.73524
-1.65963 1.73563
-1.6642 1.73529
-1.67204 1.73648
-1.67714 1.73871
-1.67943 1.74422
-1.68679 1.74527
-1.6896 1.74315
-1.68823 1.74157
-1.69491 1.74145
-1.70304 1.7246
-1.71005 1.71595
-1.71652 1.71458
-1.72178 1.71706
-1.72285 1.7185
-1.72666 1.71396
-1.73486 1.71642
-1.74603 1.71725
-1.7512 1.71361
-1.76228 1.70972
-1.76829 1.70648
-1.78126 1.70811
-1.7836 1.70769
-1.78921 1.70469
-1.79082 1.70561
-1.79749 1.70809
-1.80814 1.71247
-1.81039 1.71072
-1.81202 1.71297
-1.81872 1.71169
-1.82504 1.70948
-1.83718 1.70868
-1.84132 1.71059
-1.85364 1.71337
-1.86138 1.71596
-1.86566 1.71826
-1.87011 1.71507
-1.8768 1.71151
-1.87577 1.70756
-1.87797 1.70827
-1.88032 1.71387
-1.8835 1.70643
-1.8918 1.71264
-1.90274 1.7132
-1.90403 1.71204
-1.90628 1.708
-1.91423 1.70699
-1.91877 1.70929
-1.92243 1.70314
-1.94008 1.7063
-1.94404 1.70427
-1.94944 1.70067
-1.95652 1.69844
-1.96375 1.69936
-1.96684 1.70003
-1.96845 1.69928
-1.97096 1.69379
-1.97525 1.69302
-1.9796 1.69466
-1.98504 1.69406
-1.99072 1.69006
-2.00437 1.68495
-2.01087 1.68122
-2.01278 1.68296
-2.01371 1.68262
-2.01536 1.67862
-2.01896 1.68289
-2.02126 1.68045
-2.02839 1.67434
-2.03235 1.66859
-2.03668 1.66439
-2.04542 1.6626
-2.04556 1.6621
-2.04408 1.66028
-2.06552 1.66022
-2.07116 1.66366
-2.0832 1.65904
-2.08464 1.65569
-2.08882 1.65262
-2.10523 1.64949
-2.1083 1.64471
-2.11316 1.64304
-2.12769 1.63846
-2.13901 1.62978
-2.14578 1.62688
-2.14935 1.62426
-2.152 1.61598
-2.15441 1.61325
-2.16403 1.6075
-2.16219 1.59812
-2.1733 1.58692
-2.17625 1.58799
-2.18242 1.58105
-2.18819 1.58398
-2.19106 1.58305
-2.19139 1.58021
-2.19314 1.58416
-2.20022 1.58304
-2.20523 1.58285
-2.20747 1.58158
-2.21709 1.57619
-2.21962 1.57546
-2.22212 1.57504
-2.23115 1.56592
-2.23451 1.56331
-2.24059 1.5563
-2.24208 1.55605
-2.24268 1.55328
-2.24446 1.54944
-2.25227 1.5342
-2.25746 1.53524
-2.26307 1.53026
-2.26933 1.52718
-2.27419 1.52177
-2.28084 1.51807
-2.28559 1.51695
-2.28832 1.51641
-2.2917 1.51446
-2.3018 1.49877
-2.30916 1.51571
-2.31256 1.48969
-2.31282 1.48734
-2.31874 1.4843
-2.33555 1.48244
-2.34114 1.47743
-2.34578 1.47661
-2.35106 1.47422
-2.3549 1.46704
-2.3582 1.46603
-2.36139 1.46331
-2.36707 1.45998
-2.3739 1.45999
-2.37681 1.45753
-2.37652 1.45294
-2.38484 1.45134
-2.38443 1.44526
-2.38988 1.44432
-2.4013 1.44198
-2.40122 1.43877
